 6.70
 6.29
 4.61
 5.51
 5.96
 5.70
 5.59
 6.13
 6.18
 6.19
 6.43
 5.94
 5.68
 6.07
 2.06
 5.99
 6.19
 6.06
 6.23
 6.01
 2.27
 5.53
 6.33
 5.42
 3.88
 5.51
 5.03
 6.74
 5.84
 5.28
 5.85
 6.64
 4.89
 5.41
 5.25
 6.16
 5.25
 6.73
 2.83
 6.30
 5.72
 5.94
 6.31
 6.25
 4.80
 5.12
 5.77
 4.44
 6.24
 5.79
 5.75
 6.45
 6.35
 6.17
 6.35
 6.15
 5.67
 6.49
 6.11
 5.74
 6.47
 5.89
 4.61
 6.77
 6.14
 6.45
 6.17
 4.52
 6.05
 6.11
 5.87
 6.46
 6.33
 3.56
 6.33
 6.52
 4.23
 5.90
 5.79
 5.37
 6.56
 5.18
 5.51
 5.18
 5.12
 6.23
 5.97
 6.39
 6.55
 7.39
 5.57
 5.40
 6.07
 5.74
 5.77
 2.80
 2.39
 3.94
 6.19
 5.98
 5.06
 5.17
 4.81
 6.06
 6.04
 6.43
 5.43
 6.26
 6.26
 6.21
 5.94
 5.23
 6.14
 6.57
 5.72
 5.19
 6.19
 5.69
 6.18
 5.87
 4.73
 5.60
 4.77
 4.37
 4.54
 6.70
 6.42
 4.16
 5.38
 5.67
 6.67
 6.30
 5.93
 5.09
 6.48
 5.55
 6.13
 5.57
 6.40
 5.20
 5.93
 5.08
 6.41
 5.79
 5.51
 6.06
 6.50
 6.45
 6.06
 5.13
 3.66
 4.36
 5.89
 6.47
 5.48
 6.40
 5.57
 6.42
 6.39
 6.41
 4.37
 5.43
 3.27
 5.87
 5.36
 2.23
 6.85
 6.69
 6.01
 6.49
 6.14
 5.91
 5.33
 5.89
 5.83
 6.04
 4.80
 4.59
 6.17
 5.70
 4.94
 6.06
 5.98
 5.39
 2.04
 5.67
 6.02
 4.36
 5.66
 4.54
 4.76
 5.90
 5.42
 5.24
 5.94
 6.07
 6.33
 6.15
 6.15
 6.15
 6.52
 6.05
 6.47
 6.39
 5.41
 5.80
 5.50
 5.38
 5.87
 5.50
 6.13
 4.06
 5.99
 6.54
 5.70
 3.44
 5.57
 5.93
 5.75
 4.89
 4.43
 5.07
 4.53
 5.59
 5.90
 6.27
 7.0 
 7.1 
 6.28
 5.39
 6.15
 5.19
 5.07
 6.07
 6.39
 6.48
 5.62
 6.21
 5.22
 6.37
 4.82
 6.90
 6.69
 5.46
 4.77
 6.06
 6.27
 6.46
 6.22
 4.83
 5.74
 6.16
 6.27
 5.70
 5.47
 6.20
 6.21
 6.37
 6.09
 5.85
 2.47
 4.63
 5.55
 5.31
 6.10
 3.87
 5.45
 4.42
 6.12
 5.97
 5.42
 5.98
 6.32
 6.37
 6.39
 5.61
 4.31
 6.23
 6.84
 6.04
 6.11
 4.25
 6.46
 6.47
 5.59
 6.45
 5.98
 5.50
 5.92
 5.50
 4.28
 6.11
 5.43
 5.84
 5.99
 5.36
 6.29
 6.04
 6.54
 6.19
 6.21
 6.72
 6.25
 6.00
 5.68
 6.54
 5.34
 5.56
 6.29
 6.35
 7.25
 6.12
 6.43
 5.58
 6.38
 6.12
 6.14
 5.17
 3.31
 6.61
 5.03
 6.37
 5.79
 6.25
 5.55
 5.82
 5.52
 5.21
 5.37
 5.64
 3.45
 4.25
 5.29
 2.06
 3.92
 5.55
 5.65
 5.80
 5.55
 4.33
 6.06
 5.57
 6.40
 5.95
 5.81
 5.16
 6.41
 4.66
 4.51
 5.94
 6.41
 6.11
 6.19
 6.26
 6.52
 5.92
 4.65
 5.24
 6.30
 6.43
 5.98
 7.83
 5.13
 6.03
 5.70
 6.61
 4.96
 6.02
 6.34
 5.41
 6.73
 6.31
 6.25
 4.86
 5.16
 6.46
 6.24
 6.38
 4.98
 4.76
 6.34
 5.87
 6.07
 6.23
 6.15
 5.23
 4.88
 6.45
 6.20
 6.49
 6.35
 5.58
 6.29
 5.97
 6.49
 4.74
 5.84
 6.21
 3.60
 2.68
 5.91
 6.14
 6.15
 6.18
 5.42
 5.96
 6.31
 6.26
 4.90
 5.38
 5.50
 6.27
 6.41
 4.83
 6.46
 6.58
 5.93
 5.66
 6.60
 5.79
 2.02
 6.13
 6.20
 5.81
 6.14
 3.41
 5.27
 6.58
 6.02
 5.12
 4.84
 6.31
 5.93
 3.62
 6.39
 5.70
 3.95
 5.82
 4.71
 6.17
 6.59
 5.51
 5.88
 6.28
 5.76
 6.58
 5.89
 5.63
 6.38
 6.12
 5.92
 6.22
 5.28
 5.80
 4.09
 5.42
 6.01
 5.56
 5.69
 5.57
 3.57
 6.36
 6.24
 6.11
 6.18
 4.98
 6.39
 5.94
 0.46
 5.58
 6.70
 5.97
 5.61
 4.94
 5.59
 6.84
 5.18
 6.71
 6.37
 4.95
 6.17
 5.99
 5.87
 5.76
 6.34
 4.44
 5.64
 5.78
 5.75
 5.24
 6.17
 6.34
 4.07
 5.25
 5.72
 6.21
 4.99
 6.64
 6.25
 6.34
 6.35
 5.71
 5.52
 6.19
 6.27
 3.50
 4.26
 5.63
 5.87
 5.34
 5.31
 6.55
 6.33
 6.39
 6.32
 5.49
 5.04
 5.94
 5.84
 5.79
 6.18
 5.69
 5.82
 5.91
 6.32
 5.90
 5.86
 4.67
 6.34
 5.52
 5.94
 6.37
 5.79
 6.14
 6.26
 3.73
 6.45
 5.94
 3.38
 5.40
 3.41
 4.83
 4.75
 5.80
 4.99
 4.62
 6.06
 6.24
 6.26
 2.64
 6.10
 4.41
 5.89
 5.67
 5.11
 5.74
 6.01
 6.02
 6.78
 5.10
 5.82
 4.85
 3.70
 5.26
 5.69
 4.79
 4.69
 6.06
 6.04
 6.10
 4.83
 4.54
 6.35
 5.87
 6.09
 6.23
 3.98
 5.38
 5.88
 5.41
 6.37
 4.00
 6.00
 5.51
 5.57
 5.58
 5.04
 2.86
 5.22
 6.16
 5.35
 5.23
 4.33
 6.05
 6.52
 5.50
 6.10
 5.94
 5.14
 2.26
 4.84
 5.63
 6.42
 5.43
 5.86
 6.21
 5.93
 5.62
 4.69
 5.03
 6.31
 6.15
 6.28
 2.00
 5.67
 6.42
 4.82
 6.31
 3.00
 4.98
 6.43
 6.10
 6.29
 6.36
 5.63
 6.10
 6.48
 5.70
 5.85
 6.02
 6.23
 5.63
 6.32
 6.12
 6.01
 5.93
 6.07
 6.44
 4.94
 4.83
 5.96
 5.31
 5.27
 6.06
 5.71
 4.37
 5.54
 5.86
 5.28
 6.33
 6.48
 5.28
 5.79
 5.58
 6.55
 5.91
 4.87
 5.75
 5.98
 6.7 
 4.01
 6.55
 5.51
 5.55
 6.60
 5.62
 5.30
 6.21
 5.58
 6.37
 3.56
 5.03
 6.46
 6.63
 5.69
 6.11
 6.47
 3.04
 5.59
 6.34
 6.50
 5.17
 6.37
 5.82
 5.81
 5.28
 6.28
 5.42
 5.46
 5.87
 5.19
 5.20
 6.25
 6.22
 6.31
 4.71
 6.53
 5.92
 5.47
 6.44
 6.33
 4.09
 6.18
 4.52
 4.89
 6.12
 5.83
 6.18
 5.54
 5.88
 5.35
 5.01
 6.51
 5.29
 4.28
 6.45
 5.89
 4.25
 6.41
 6.19
 5.14
 6.07
 6.25
 6.11
 5.92
 6.15
 6.77
 6.23
 6.00
 6.51
 6.37
 6.10
 5.15
 5.25
 5.83
 5.35
 4.75
 6.04
 6.30
 5.16
 5.90
 6.21
 6.36
 5.78
 5.71
 4.90
 5.35
 6.18
 5.75
 5.82
 4.86
 6.24
 5.90
 6.10
 5.3 
 5.53
 6.54
 6.25
 6.77
 5.68
 7.09
 6.50
 5.81
 5.75
 6.18
 6.30
 6.39
 5.65
 5.79
 5.43
 5.78
 6.21
 5.28
 5.83
 5.31
 4.07
 6.49
 4.84
 5.30
 6.25
 5.78
 5.77
 6.52
 5.84
 4.91
 4.75
 5.71
 5.95
 6.48
 5.69
 4.11
 6.05
 5.98
 6.30
 6.55
 4.12
 5.43
 4.66
 5.21
 6.35
 3.47
 6.01
 4.11
 6.10
 6.46
 5.77
 5.41
 4.25
 5.18
 4.27
 6.36
 6.18
 6.03
 6.22
 4.47
 6.25
 6.30
 6.15
 6.85
 6.26
 4.51
 6.25
 6.49
 6.47
 5.82
 5.80
 5.86
 6.45
 6.90
 5.74
 3.76
 6.51
 5.22
 4.84
 3.63
 6.45
 4.23
 4.46
 5.88
 4.53
 6.14
 5.39
 6.36
 5.49
 5.92
 6.26
 4.75
 5.47
 5.26
 6.36
 3.95
 5.33
 6.31
 6.04
 6.40
 6.32
 5.59
 6.24
 5.95
 5.92
 6.22
 6.02
 6.03
 5.91
 4.0 
 5.63
 5.97
 6.21
 4.75
 5.11
 3.89
 5.17
 6.04
 6.11
 5.80
 4.70
 6.56
 5.49
 4.93
 5.45
 6.29
 5.47
 5.89
 4.63
 4.63
 5.84
 5.28
 6.74
 5.23
 6.41
 6.11
 6.14
 4.70
 3.24
 4.35
 5.56
 6.14
 5.71
 5.95
 6.31
 6.11
 5.90
 5.95
 5.75
 6.25
 4.99
 5.61
 2.53
 5.83
 6.19
 5.89
 2.93
 6.36
 5.32
 4.76
 4.09
 6.11
 3.39
 5.89
 6.05
 6.49
 5.26
 6.05
 6.8 
 7.0 
 5.82
 6.31
 5.62
 4.87
 6.41
 5.11
 5.27
 2.12
 4.05
 6.11
 5.53
 6.27
 3.80
 6.28
 6.19
 5.72
 6.42
 6.02
 4.63
 5.98
 6.33
 6.15
 4.35
 6.12
 6.38
 5.79
 6.05
 5.90
 6.26
 5.56
 6.15
 6.12
 5.45
 5.06
 3.87
 5.79
 5.61
 6.07
 6.36
 5.93
 5.03
 6.27
 5.52
 4.89
 6.16
 6.16
 6.31
 6.25
 5.74
 6.06
 6.45
 6.25
 5.57
 5.47
 6.17
 4.80
 4.84
 5.96
 5.15
 6.14
 5.03
 6.65
 4.82
 5.38
 5.91
 4.88
 5.90
 4.83
 5.71
 5.85
 4.47
 6.12
 5.93
 4.95
 3.69
 5.61
 5.28
 5.54
 5.69
 4.27
 5.23
 5.24
 5.29
 5.52
 6.39
 6.05
 5.09
 5.52
 1.79
 6.35
 5.61
 6.51
 6.39
 5.50
 6.38
 6.20
 5.52
 6.51
 6.08
 6.04
 6.09
 3.60
 6.50
 6.32
 6.49
 4.98
 4.21
 6.57
 5.58
 3.74
 6.28
 4.54
 5.61
 6.39
 6.13
 4.67
 5.93
 5.09
 6.24
 6.03
 6.32
 5.73
 5.82
 4.36
 6.15
 5.71
 6.57
 6.29
 6.50
 6.39
 5.99
 5.14
 5.59
 5.47
 5.96
 5.96
 4.11
 5.94
 6.40
 5.31
 4.73
 6.37
 6.41
 5.98
 5.90
 5.78
 6.12
 6.46
 5.81
 5.77
 6.27
 5.99
 6.38
 4.72
 3.73
 6.17
 5.92
 4.23
 4.27
 6.49
 5.68
 6.25
 5.83
 6.20
 6.30
 6.40
 6.41
 6.42
 5.57
 5.71
 5.23
 4.28
 6.39
 6.50
 6.75
 5.10
 4.58
 5.86
 5.85
 5.70
 6.16
 5.96
 5.76
 5.57
 6.01
 5.57
 6.23
 6.19
 6.11
 6.12
 6.33
 5.53
 3.01
 4.97
 5.80
 6.49
 5.69
 6.06
 6.59
 4.80
 6.11
 3.83
 6.14
 5.59
 5.00
 3.77
 3.54
 6.10
 5.44
 5.60
 5.46
 5.66
 3.70
 4.59
 5.64
 4.30
 5.25
 6.10
 4.63
 3.87
 5.55
 5.76
 6.43
 5.35
 6.29
 4.47
 4.18
 6.45
 5.85
 5.91
 6.14
 6.46
 4.42
 6.57
 6.25
 2.87
 6.32
 6.49
 6.30
 5.73
 6.02
 5.90
 5.45
 4.23
 5.07
 3.85
 5.66
 5.11
 3.63
 6.55
 5.09
 5.24
 5.91
 6.17
 5.54
 6.07
 6.21
 5.81
 5.26
 5.40
 4.73
 5.77
 5.80
 6.83
 6.30
 4.17
 6.34
 6.25
 5.76
 5.67
 6.86
 5.97
 5.48
 2.85
 5.03
 5.00
 6.22
 5.37
 3.24
 6.10
 5.28
 6.14
 4.79
 4.65
 5.11
 5.49
 5.93
 6.00
 5.63
 5.71
 2.89
 6.06
 6.16
 6.53
 6.09
 6.19
 6.30
 6.46
 4.04
 6.38
 5.10
 2.95
 5.83
 6.37
 6.41
 5.60
 6.14
 6.32
 5.89
 3.47
 4.66
 5.87
 5.06
 5.67
 5.28
 6.05
 5.93
 4.56
 6.17
 5.38
 6.51
 3.91
 5.47
 5.33
 5.46
 6.31
 4.36
 5.36
 6.46
 7.01
 6.99
 4.29
 5.90
 6.39
 4.51
 5.61
 4.97
 6.13
 5.20
 5.23
 6.28
 6.41
 6.26
 4.04
 6.34
 5.59
 6.18
 6.09
 5.51
 6.01
 5.89
 6.03
 6.32
 5.50
 5.95
 6.59
 5.72
 5.41
 5.37
 5.57
 5.44
 6.59
 5.72
 5.70
 6.38
 6.09
 6.08
 6.12
 4.04
 6.44
 5.79
 6.45
 4.93
 4.14
 5.46
 5.70
 4.71
 6.23
 6.51
 5.29
 6.25
 4.84
 6.44
 5.71
 5.19
 5.22
 6.71
 5.43
 4.87
 6.32
 4.29
 6.93
 6.31
 6.37
 4.61
 4.43
 3.86
 5.27
 6.22
 4.94
 5.45
 5.65
 5.94
 5.55
 6.54
 5.39
 3.35
 5.92
 4.25
 5.35
 5.45
 5.38
 5.88
 4.93
 6.16
 6.00
 3.65
 3.56
 4.95
 6.31
 4.85
 5.59
 6.19
 6.07
 6.12
 4.44
 5.26
 6.37
 6.17
 6.37
 5.77
 6.53
 6.27
 5.85
 5.34
 6.09
 5.86
 5.38
 5.72
 5.37
 5.91
 6.23
 5.87
 3.76
 6.01
 5.99
 5.64
 5.73
 6.36
 5.76
 4.80
 5.12
 6.32
 5.17
 5.83
 5.98
 6.39
 4.22
 5.28
 4.29
 5.28
 6.46
 4.28
 3.96
 4.49
 5.24
 4.69
 6.06
 6.55
 5.53
 6.23
 5.94
 5.88
 5.72
 6.39
 6.29
 6.40
 4.97
 5.90
 3.53
 6.11
 3.84
 3.40
 6.15
 5.03
 5.55
 5.94
 5.77
 6.10
 6.21
 6.79
 5.96
 5.58
 5.60
 6.26
 6.48
 5.69
 4.78
 5.48
 6.44
 5.40
 6.24
 6.02
 6.16
 6.09
 5.75
 6.39
 4.91
 6.21
 5.96
 5.94
 5.81
 6.25
 5.07
 4.65
 5.88
 6.01
 6.06
 5.68
 5.72
 6.09
 5.11
 5.26
 4.51
 4.25
 6.36
 5.79
 0.85
 4.25
 6.02
 6.37
 6.13
 6.33
 3.93
 3.82
 3.27
 5.35
 5.05
 6.49
 5.31
 6.47
 5.92
 5.79
 4.27
 5.23
 5.79
 6.30
 6.22
 5.07
 4.69
 5.39
 3.87
 5.67
 5.01
 5.46
 6.76
 6.50
 5.45
 6.10
 5.99
 5.78
 6.06
 5.40
 5.87
 5.29
 5.58
 4.32
 4.28
 6.44
 6.13
 6.08
 6.45
 4.45
 5.05
 6.53
 6.82
 6.70
 5.40
 5.90
 5.68
 6.37
 5.30
 6.35
 5.53
 5.97
 6.26
 5.31
 6.01
 6.25
 5.37
 4.02
 5.72
 6.33
 5.07
 6.86
 6.19
 6.05
 5.44
 5.86
 5.58
 5.27
 6.05
 5.51
 4.88
 6.03
 5.66
 5.78
 6.08
 5.77
 6.37
 6.46
 5.54
 4.29
 3.19
 4.36
 6.26
 6.41
 5.10
 6.72
 5.03
 5.71
 4.78
 3.69
 6.11
 5.97
 5.52
 4.74
 6.07
 6.08
 5.86
 4.39
 5.75
 5.33
 5.61
 6.42
 6.61
 6.37
 3.72
 4.47
 5.19
 4.65
 5.33
 6.06
 6.07
 5.99
 6.37
 5.81
 2.69
 6.50
 5.70
 4.07
 5.72
 5.51
 6.72
 6.10
 5.48
 5.79
 6.66
 6.08
 5.96
 5.81
 6.23
 4.94
 6.03
 6.19
 6.15
 6.35
 6.12
 6.41
 5.95
 6.09
 4.47
 6.58
 4.03
 5.66
 2.99
 6.28
 7.71
 5.38
 7.03
 6.66
 4.79
 3.75
 6.32
 6.22
 6.14
 6.51
 4.81
 5.92
 6.24
 4.64
 4.91
 5.08
 6.08
 6.04
 5.85
 6.14
 6.62
 5.02
 5.47
 7.24
 6.03
 6.60
 6.19
 5.75
 5.94
 6.41
 5.00
 4.68
 6.52
 6.41
 3.17
 6.44
 5.43
 6.20
 5.61
 6.05
 6.41
 6.17
 5.38
 6.37
 6.31
 4.55
 6.34
 3.19
 5.73
 5.00
 5.12
 5.30
 5.50
 5.89
 6.05
 6.17
 5.03
 5.34
 5.97
 2.79
 6.27
 5.68
 6.02
 6.01
 5.78
 5.43
 5.12
 4.72
 6.17
 4.82
 5.31
 6.50
 4.27
 6.52
 6.10
 6.29
 5.74
 5.18
 6.25
 5.05
 5.90
 6.15
 4.86
 6.67
 5.89
 6.20
 5.68
 6.41
 5.2 
 4.45
 5.91
 4.46
 6.57
 6.27
 6.09
 3.31
 6.32
 6.37
 4.36
 5.02
 6.5 
 0.08
 5.50
 6.21
 6.27
 5.96
 0.12
 6.60
 6.98
 5.85
 6.15
 5.56
 6.13
 5.61
 5.76
 5.48
 5.07
 6.42
 6.18
 4.54
 6.05
 6.14
 4.71
 6.66
 6.56
 5.41
 6.62
 6.49
 3.60
 6.54
 5.50
 5.52
 4.94
 5.03
 6.08
 6.49
 4.83
 4.83
 6.56
 5.34
 5.96
 6.34
 5.23
 6.33
 5.28
 5.76
 6.36
 6.54
 6.18
 4.29
 5.30
 5.99
 6.39
 5.54
 6.57
 4.71
 5.80
 5.68
 4.73
 6.34
 5.45
 6.46
 6.56
 5.00
 5.06
 6.09
 4.99
 6.08
 6.28
 5.94
 6.35
 5.9 
 6.55
 4.99
 5.70
 6.11
 5.25
 4.14
 6.49
 6.32
 5.08
 3.36
 4.95
 1.64
 1.65
 5.65
 5.71
 6.15
 5.94
 6.15
 6.82
 6.25
 5.61
 6.57
 6.11
 5.42
 6.16
 5.74
 5.07
 6.23
 6.42
 5.42
 6.16
 4.88
 4.59
 5.89
 6.08
 5.50
 6.51
 5.77
 6.35
 6.27
 6.35
 6.41
 5.47
 6.24
 6.07
 6.00
 6.37
 6.39
 5.87
 6.48
 2.84
 5.79
 6.29
 5.94
 5.78
 4.71
 5.57
 5.14
 6.21
 6.75
 4.20
 6.33
 5.46
 4.76
 6.17
 4.38
 6.55
 5.46
 6.22
 5.55
 6.48
 6.85
 2.23
 6.26
 6.27
 4.62
 5.46
 6.15
 5.69
 6.03
 6.18
 5.35
 3.87
 6.46
 5.64
 2.58
 5.73
 6.59
 5.34
 6.11
 5.86
 6.59
 5.36
 6.22
 5.93
 5.38
 4.41
 5.48
 6.27
 3.54
 5.61
 5.78
 6.19
 5.60
 6.09
 6.11
 5.67
 4.78
 6.53
 6.49
 6.56
 6.24
 4.59
 6.73
 7.96
 5.13
 6.70
 5.08
 6.38
 2.77
 6.40
 5.26
 5.83
 1.70
 6.33
 5.54
 6.54
 4.09
 5.94
 5.78
 3.00
 5.72
 6.43
 6.12
 5.40
 6.26
 5.60
 5.34
 6.05
 6.11
 5.88
 6.37
 3.76
 6.19
 5.96
 6.23
 6.16
 6.11
 5.18
 6.34
 6.75
 3.81
 6.65
 5.96
 4.57
 5.31
 6.32
 4.80
 6.04
 6.11
 6.00
 6.05
 6.50
 6.15
 6.38
 6.43
 4.86
 5.82
 2.05
 4.21
 6.22
 6.59
 4.95
 5.19
 6.36
 5.93
 2.64
 6.52
 5.45
 6.42
 6.31
 6.21
 6.21
 4.91
 5.78
 6.15
 6.34
 6.02
 5.87
 5.94
 6.31
 5.47
 6.19
 5.29
 6.58
 5.73
 6.13
 6.95
 6.09
 6.29
 6.34
 6.25
 6.15
 3.60
 6.39
 6.00
 6.34
 5.79
 5.95
 5.72
 5.49
 6.05
 6.54
 5.29
 6.20
 4.52
 5.17
 6.07
 3.55
 5.27
 6.17
 6.03
 4.86
 6.29
 2.06
 6.22
 6.14
 5.97
 5.31
 6.32
 4.91
 4.74
 3.97
 5.56
 5.80
 4.35
 5.52
 6.61
 6.25
 5.97
 3.85
 5.49
 5.65
 6.18
 5.98
 6.45
 5.87
 5.20
 5.98
 4.99
 6.06
 5.35
 6.38
 5.59
 4.58
 3.81
 6.17
 4.78
 6.71
 5.97
 3.12
 6.25
 4.51
 6.45
 6.35
 6.49
 5.90
 4.41
 6.12
 5.17
 6.59
 6.31
 5.92
 5.63
 6.47
 6.70
 4.87
 6.00
 6.57
 6.20
 6.69
 0.50
 6.53
 5.4 
 5.11
 5.66
 6.32
 6.60
 6.36
 6.55
 5.87
 6.28
 5.94
 6.36
 6.02
 5.99
 5.87
 3.72
 6.40
 6.44
 6.14
 5.89
 5.57
 6.52
 4.82
 3.71
 5.96
 4.97
 1.90
 6.10
 6.36
 4.26
 5.50
 6.22
 5.29
 2.62
 6.22
 6.22
 6.44
 5.70
 5.90
 5.73
 4.65
 5.22
 6.63
 5.96
 4.36
 6.12
 5.03
 6.63
 5.98
 6.05
 6.05
 4.53
 6.45
 6.42
 6.37
 5.81
 6.22
 6.10
 3.96
 6.34
 6.24
 6.45
 4.12
 5.47
 6.39
 6.59
 4.95
 6.05
 5.14
 5.55
 5.87
 6.08
 4.16
 4.63
 6.20
 6.34
 5.67
 6.23
 5.04
 6.12
 5.21
 5.36
 5.67
 5.63
 6.08
 6.12
 4.93
 5.65
 5.87
 6.45
 5.36
 6.36
 5.38
 4.67
 6.95
 6.35
 5.93
 4.42
 5.80
 6.66
 6.58
 5.47
 5.81
 5.32
 5.78
 6.55
 5.31
 5.93
 5.83
 6.12
 6.30
 5.75
 5.73
 6.82
 6.09
 5.02
 6.51
 6.17
 5.50
 5.50
 6.35
 5.56
 6.33
 5.80
 5.71
 6.27
 6.04
 5.78
 6.56
 6.04
 6.27
 5.75
 5.71
 6.15
 5.05
 6.39
 4.95
 4.48
 5.72
 5.35
 6.18
 5.58
 6.49
 5.05
 6.09
 6.58
 6.45
 4.80
 6.62
 6.31
 4.81
 6.52
 5.88
 4.98
 3.28
 6.92
 5.83
 4.35
 5.20
 5.06
 5.91
 5.30
 5.83
 6.39
 6.54
 3.98
 6.52
 5.33
 6.08
 6.07
 6.64
 5.65
 5.99
 6.39
 6.37
 6.10
 4.48
 6.38
 6.25
 5.04
 5.91
 5.99
 5.01
 5.01
 6.63
 5.39
 6.57
 5.92
 6.59
 5.71
 6.67
 6.16
 6.07
 6.75
 4.37
 5.94
 6.32
 6.24
 5.14
 5.09
 6.00
 5.53
 5.36
 5.87
 5.52
 5.36
 6.06
 5.69
 6.22
 5.81
 6.43
 5.27
 6.43
 4.90
 6.54
 6.35
 6.41
 5.78
 6.31
 7.04
 3.02
 6.64
 5.64
 5.97
 2.88
 6.00
 5.53
 4.91
 6.60
 5.64
 6.40
 5.21
 1.98
 6.67
 3.85
 6.71
 4.44
 6.72
 6.26
 6.19
 6.33
 6.24
 6.06
 5.22
 6.60
 6.34
 6.24
 6.12
 5.98
 5.63
 6.66
 5.87
 6.56
 6.51
 5.62
 6.35
 6.39
 6.43
 5.61
 6.40
 5.98
 6.31
 5.87
 6.15
-0.72
 6.71
 6.27
 6.25
 6.22
 5.88
 5.55
 5.55
 5.20
 5.55
 6.48
 6.27
 5.90
 6.47
 6.23
 6.51
 6.15
 4.15
 5.06
 5.80
 6.54
 6.48
 5.76
 6.07
 6.65
 6.59
 5.56
 6.48
 6.46
 6.16
 4.60
 5.40
 5.60
 5.77
 6.27
 4.48
 6.57
 5.73
 5.74
 6.24
 6.20
 5.93
 6.32
 5.82
 6.14
 6.40
 5.87
 6.16
 6.65
 5.23
 6.45
 5.38
 6.03
 5.15
 5.93
 5.43
 5.84
 6.42
 5.27
 4.50
 5.60
 4.33
 5.84
 5.22
 6.20
 5.53
 6.24
 6.34
 5.94
 5.10
 5.92
 5.69
 5.27
 5.24
 5.60
 5.45
 5.85
 6.40
 6.45
 5.29
 5.88
 6.44
 6.29
 5.80
 6.15
 5.42
 5.70
 6.55
 4.54
 5.62
 6.19
 6.44
 5.52
 5.69
 5.20
 1.93
 6.06
 5.70
 5.59
 5.79
 6.38
 4.79
 5.97
 3.95
 6.17
 6.35
 6.15
 6.35
 6.41
 4.39
 6.04
 6.12
 6.03
 6.38
 6.14
 6.57
 6.21
 4.43
 6.04
 6.34
 5.71
 5.27
 6.03
 5.97
 4.82
 3.17
 6.46
 6.42
 6.51
 6.05
 4.66
 6.28
 6.11
 5.02
 5.71
 5.79
 4.93
 6.27
 6.19
 6.58
 5.21
 6.37
 6.18
 5.19
 4.87
 6.31
 2.98
 6.19
 6.12
 6.65
 5.35
 4.49
 5.90
 5.44
 6.13
 6.29
 5.25
 3.36
 6.33
 6.28
 5.22
 6.30
 6.46
 5.14
-1.46
 5.20
 6.45
 5.93
 6.05
 6.54
 5.32
 6.20
 5.92
 5.80
 5.66
 4.77
 5.29
 6.51
 4.47
 6.62
 5.07
 6.08
 6.21
 5.12
 5.71
 6.57
 5.75
 5.80
 5.02
 6.15
 5.26
 5.85
 5.33
 5.74
 5.39
 5.40
 6.46
 5.65
 5.61
 4.55
 6.33
 5.27
 5.77
 6.37
 6.26
 5.65
 6.29
 5.79
 6.11
 7.04
 3.96
 6.12
 3.60
 6.30
 6.01
 6.38
 6.33
 5.70
 6.55
 6.48
 5.14
 4.99
 3.27
 5.77
 6.30
 2.93
 4.40
 6.24
 6.34
 6.13
 5.96
 5.64
 4.35
 6.05
 6.11
 6.42
 4.65
 5.64
 6.14
 6.40
 5.87
 5.73
 6.41
 4.83
 5.45
 5.86
 4.07
 6.52
 6.04
 6.21
 6.21
 6.46
 3.87
 5.68
 6.04
 6.91
 6.29
 4.90
 5.89
 6.57
 5.74
 5.92
 4.68
 6.32
 6.41
 5.00
 6.26
 5.30
 4.37
 6.27
 6.36
 6.34
 6.00
 6.10
 5.40
 6.61
 6.29
 6.40
 6.27
 5.46
 4.95
 5.07
 5.97
 6.23
 6.23
 6.35
 6.37
 5.68
 5.59
 6.50
 1.50
 5.06
 6.59
 6.42
 6.30
 6.26
 5.96
 6.31
 6.22
 6.49
 6.53
 6.63
 5.18
 5.94
 5.74
 6.59
 6.27
 5.82
 6.17
 6.27
 6.45
 5.20
 5.63
 6.40
 6.44
 5.93
 6.12
 6.38
 3.47
 5.97
 4.99
 5.13
 3.79
 5.98
 5.14
 3.02
 6.57
 5.62
 6.45
 4.12
 6.43
 6.02
 5.55
 6.02
 5.17
 5.78
 6.09
 5.91
 5.20
 5.54
 6.79
 6.48
 6.49
 7.68
 4.93
 6.28
 5.50
 6.16
 6.11
 6.14
 5.39
 6.48
 6.34
 6.35
 5.75
 5.17
 5.44
 6.11
 6.08
 6.46
 6.62
 5.45
 5.71
 5.79
 6.43
 1.84
 6.21
 6.65
 4.90
 4.41
 5.96
 6.03
 5.78
 4.92
 4.83
 5.47
 5.69
 6.23
 5.85
 5.45
 5.46
 6.31
 6.09
 6.43
 6.47
 6.16
 4.15
 5.20
 5.84
 5.00
 5.92
 5.14
 6.10
 5.58
 6.89
 5.78
 6.59
 5.82
 5.96
 5.31
 5.62
 5.35
 6.01
 5.75
 5.90
 6.36
 6.12
 5.69
 3.78
 5.92
 5.71
 6.03
 4.49
 6.60
 4.96
 6.33
 6.41
 4.66
 4.89
 5.82
 5.10
 3.85
 5.58
 5.05
 5.95
 5.78
 6.02
 6.32
 5.36
 6.24
 5.46
 5.94
 6.65
 5.72
 4.76
 3.58
 4.79
 6.29
 4.64
 5.97
 6.32
 5.80
 5.03
 5.66
 6.35
 2.70
 6.46
 6.35
 5.77
 3.53
 5.89
 5.91
 6.45
 4.98
 4.40
 6.53
 5.45
 6.09
 5.28
 4.66
 5.70
 5.85
 5.11
 5.25
 6.40
 5.13
 6.30
 5.10
 5.45
 6.41
 6.55
 6.61
 6.01
 5.99
 5.87
 3.98
 5.80
 5.19
 6.43
 6.23
 5.03
 6.47
 6.02
 5.82
 4.96
 6.05
 6.60
 5.39
 5.76
 6.41
 4.64
 5.43
 5.30
 3.79
 5.38
 5.39
 6.60
 5.33
 6.19
 2.45
 4.99
 6.31
 5.64
 6.24
 5.78
 5.97
 5.35
 6.54
 6.37
 5.93
 6.76
 6.05
 6.41
 5.78
 6.97
 6.84
 5.72
 2.90
 5.22
 6.31
 6.47
 5.36
 6.56
 5.25
 4.18
 5.63
 4.32
 5.61
 5.90
 5.05
 6.22
 5.79
 5.95
 5.01
 5.10
 5.54
 4.54
 5.59
 5.86
 5.75
 6.05
 6.58
 6.38
 7.13
 6.54
 5.77
 4.85
 5.43
 6.24
 5.42
 3.25
 6.54
 5.25
 4.65
 6.65
 5.90
 5.87
 6.68
 5.25
 5.59
 6.39
 6.61
 2.88
 1.98
 5.96
 6.28
 5.92
 6.3 
 5.33
 6.21
 6.30
 5.66
 5.85
 5.81
 4.97
 5.65
 6.55
 4.06
 4.45
 6.26
 6.52
 5.83
 5.87
 5.54
 6.65
 6.11
 5.92
 6.38
 5.77
 6.76
 5.91
 5.53
 6.27
 5.70
 4.64
 6.34
 5.56
 6.28
 6.27
 5.13
 5.74
 6.06
 4.90
 6.17
 6.53
 6.37
 4.94
 5.73
 6.17
 4.53
 5.05
 5.56
 5.72
 6.39
 6.60
 0.38
 4.70
 6.38
 4.99
 6.72
 4.50
 4.62
 6.02
 5.89
 6.59
 6.24
 5.80
 6.19
 6.50
 5.68
 6.01
 4.94
 5.93
 4.84
 6.02
 5.73
 5.76
 5.77
 5.94
 5.56
 6.00
 5.27
 3.93
 6.06
 6.76
 4.28
 6.56
 5.92
 6.18
 6.49
 6.21
 7.16
 7.26
 5.42
 6.19
 5.31
 6.41
 3.57
 6.54
 6.43
 5.64
 6.47
 1.14
 6.33
 6.55
 4.59
 5.60
 6.89
 3.96
 6.56
 5.06
 5.18
 6.18
 6.40
 5.17
 4.88
 5.62
 6.57
 6.43
 5.80
 5.30
 6.89
 6.07
 5.88
 6.21
 5.14
 5.49
 5.04
 6.54
 3.61
 5.37
 6.39
 6.03
 6.18
 5.88
 5.90
 3.95
 6.57
 6.34
 6.43
 6.02
 5.48
 6.04
 6.12
 6.31
 6.53
 4.50
 5.08
 6.38
 5.23
 6.18
 6.38
 6.03
 6.14
 6.23
 5.33
 5.18
 3.34
 4.71
 5.61
 6.56
 5.93
 6.18
 6.12
 5.60
 5.99
 6.16
 4.11
 6.33
 6.32
 5.84
 5.14
 6.45
 6.31
 5.59
 6.36
 5.17
 6.25
 5.45
 4.97
 5.63
 6.45
 5.78
 5.91
 5.76
 5.69
 6.32
 5.41
 6.72
 6.72
 6.04
 5.01
 3.73
 5.79
 5.42
 6.23
 4.49
 5.43
 5.35
 5.86
 5.70
 4.63
 4.24
 5.49
 6.15
 6.17
 6.34
 5.78
 6.44
 6.05
 6.35
 6.33
 6.38
 6.02
 4.20
 6.41
 5.99
 5.63
 5.77
 6.78
 6.49
 6.01
 5.29
 6.09
 6.40
 4.79
 5.35
 6.02
 5.09
 3.47
 6.22
 6.49
 5.74
 5.17
 4.93
 5.11
 5.83
 6.25
 6.25
 6.34
 5.55
 4.41
 6.34
 4.61
 6.31
 6.44
 5.99
 6.51
 5.65
 5.99
 5.60
 6.14
 5.24
 4.68
 6.32
 6.34
 6.22
 4.39
 6.61
 5.81
 6.02
 4.94
 6.33
 6.12
 6.33
 5.17
 5.95
 6.34
 5.87
 6.10
 6.15
 4.82
 5.82
 6.28
 5.52
 5.12
 6.21
 2.25
 6.29
 6.26
 6.13
 5.99
 5.31
 6.34
 6.41
 4.84
 6.23
 5.93
 5.30
 6.14
 5.95
 6.19
 5.53
 6.27
 5.32
 5.38
 6.27
 2.81
 6.30
 5.05
 4.34
 6.32
 6.36
 5.73
 4.40
 6.58
 5.68
 6.37
 6.65
 6.32
 6.23
 6.20
 5.85
 6.07
 5.54
 5.70
 5.21
 6.26
 4.27
 1.78
 5.63
 6.02
 6.20
 4.72
 5.36
 5.23
 6.54
 5.64
 5.54
 6.28
 5.66
 6.44
 4.76
 6.45
 6.01
 4.35
 6.56
 4.45
 4.75
 5.82
 6.47
 4.99
 6.52
 6.38
 5.76
 6.43
 6.03
 5.64
 5.98
 4.78
 6.37
 6.06
 5.08
 6.11
 5.78
 4.44
 5.13
 5.71
 6.27
 5.51
 7.13
 3.52
 5.83
 6.21
 6.29
 6.16
 5.89
 6.60
 6.44
 6.16
 6.49
 5.98
 5.16
 6.45
 5.14
 6.41
 5.83
 6.32
 5.58
 6.70
 5.98
 6.05
 4.45
 6.18
 6.13
 6.43
 6.42
 4.25
 6.13
 5.51
 6.50
 5.58
 5.07
 5.75
 4.83
 5.20
 5.95
 6.15
 6.16
 6.02
 5.96
 6.11
 6.08
 5.90
 6.06
 5.97
 4.82
 6.01
 6.32
 5.61
 6.12
 6.14
 5.85
 5.37
 5.65
 5.88
 5.57
 5.73
 5.13
 1.86
 5.68
 6.32
 6.32
 6.30
 7.02
 7.81
 3.90
 5.28
 6.01
 6.44
 4.07
 5.50
 5.98
 5.59
 5.98
 3.36
 5.54
 6.59
 5.47
 6.53
 7.25
 6.10
 5.17
 6.73
 6.31
 5.95
 5.29
 6.56
 6.33
 6.39
 6.43
 6.62
 4.35
 6.05
 6.00
 5.75
 6.51
 6.67
 5.97
 3.77
 6.18
 6.53
 5.09
 6.24
 6.31
 6.70
 5.47
 5.75
 5.79
 5.35
 5.33
 4.99
 5.90
 6.83
 5.65
 5.99
 6.69
 6.24
 5.33
 5.42
 6.36
 6.36
 5.53
 6.30
 6.46
 6.31
 6.38
 6.39
 6.28
 5.78
 5.87
 6.15
 6.03
 6.19
 6.34
 5.81
 6.38
 6.36
 5.69
 6.58
 6.49
 5.96
 6.24
 5.64
 6.33
 5.69
 6.32
 5.99
 7.25
 6.43
 5.72
 6.30
 5.66
 6.48
 5.96
 4.60
 6.47
 6.42
 5.88
 5.01
 5.91
 5.94
 4.16
 6.19
 6.53
 5.80
 4.86
 5.26
 6.51
 6.12
 4.44
 6.48
 5.27
 6.55
 5.37
 6.10
 6.45
 6.33
 4.14
 6.39
 6.44
 6.30
 5.05
 4.98
 5.47
 4.89
 6.13
 6.47
 6.22
 6.63
 3.97
 5.20
 5.48
 4.88
 5.19
 6.36
 5.71
 3.84
 6.45
 3.62
 5.61
 4.66
 5.64
 6.33
 4.77
 5.90
 4.30
 6.34
 5.23
 4.33
 6.37
 4.62
 5.20
 3.94
 5.51
 6.42
 6.13
 5.66
 5.52
 4.86
 3.68
 6.13
 6.20
 6.29
 6.41
 6.11
 6.57
 4.02
 5.16
 4.07
 5.70
 5.76
 6.25
 5.87
 3.38
 6.10
 4.32
 1.96
 5.29
 3.91
 6.21
 6.21
 6.37
 6.32
 4.36
 6.09
 5.46
 6.05
 5.75
 6.36
 4.49
 6.25
 5.31
 6.43
 5.47
 6.30
 6.16
 5.73
 6.25
 6.47
 5.15
 5.99
 6.38
 5.99
 5.21
 5.87
 5.48
 6.17
 6.39
 4.01
 5.66
 4.93
 6.23
 5.95
 5.54
 6.05
 6.00
 6.33
 5.10
 6.14
 6.13
 6.55
 5.58
 5.39
 6.50
 6.42
 5.82
 5.59
 5.35
 6.00
 5.91
 5.22
 6.64
 6.39
 5.79
 6.11
 5.74
 5.89
 3.11
 6.47
 6.03
 5.41
 5.33
 6.91
 6.67
 5.75
 5.45
 4.89
 6.14
 6.17
 6.39
 5.78
 5.20
 6.26
 6.29
 5.96
 5.67
 6.51
 6.19
 6.38
 3.14
 5.71
 3.84
 4.25
 6.59
 4.69
 5.20
 4.76
 6.38
 5.86
 3.97
 6.44
 6.33
 4.92
 5.87
 6.18
 6.25
 6.36
 5.82
 5.18
 6.07
 6.07
 4.45
 5.75
 6.07
 3.60
 5.45
 5.67
 6.20
 5.16
 5.85
 5.55
 6.38
 6.27
 5.95
 5.79
 5.23
 6.46
 6.74
 6.45
 5.14
 5.88
 6.40
 4.56
 4.97
 3.75
 4.00
 4.80
 6.40
 6.17
 4.48
 6.50
 5.43
 6.44
 5.24
 4.67
 5.93
 5.98
 5.14
 4.58
 6.11
 5.60
 6.73
 6.37
 6.55
 2.21
 6.48
 5.77
 6.15
 5.73
 5.95
 6.01
 5.46
 4.71
 4.48
 5.59
 5.96
 6.53
 6.48
 5.13
 6.35
 6.51
 6.14
 5.32
 5.73
 5.00
 6.11
 6.00
 6.48
 5.79
 3.44
 5.27
 5.57
 4.83
 3.97
 5.97
 3.88
 6.50
 6.31
 6.29
 5.34
 5.92
 5.85
 5.54
 5.25
 6.35
 5.97
 5.86
 5.42
 5.27
 6.25
 5.24
 4.94
 5.47
 4.62
 1.68
 5.75
 5.84
 6.04
 6.41
 3.82
 6.02
 5.12
 6.32
 5.33
 6.14
 4.34
 6.13
 5.47
 2.25
 6.33
 6.12
 6.62
 5.26
 5.78
 3.13
 4.79
 6.16
 5.87
 4.80
 6.39
 6.53
 5.39
 6.11
 6.33
 6.82
 6.05
 6.28
 4.72
 6.29
 5.29
 5.86
 6.28
 6.41
 6.53
 6.31
 5.58
 6.67
 4.81
 6.54
 5.75
 4.46
 5.63
 4.69
 2.50
 6.48
 6.29
 6.06
 5.59
 6.08
 6.30
 6.01
 5.99
 5.41
 6.54
 6.10
 6.20
 6.45
 1.98
 4.69
 5.38
 4.29
 5.77
 5.11
 5.41
 5.71
 6.65
 3.67
 6.27
 4.60
 6.14
 6.05
 6.26
 5.66
 5.85
 4.51
 6.19
 6.24
 5.72
 5.37
 5.48
 4.56
 5.85
 4.31
 6.46
 3.17
 5.92
 5.47
 6.76
 5.07
 7.00
 6.18
 4.97
 5.91
 5.45
 6.14
 3.60
 4.57
 6.13
 5.93
 5.87
 6.18
 6.53
 5.88
 6.11
 5.36
 5.74
 6.52
 6.46
 4.50
 4.55
 6.12
 5.94
 3.13
 6.25
 6.24
 6.42
 5.35
 5.01
 4.81
 5.91
 6.76
 6.43
 6.27
 5.56
 5.41
 6.10
 5.12
 6.36
 5.01
 5.56
 5.47
 6.31
 6.49
 5.94
 4.08
 5.69
 5.00
 6.53
 5.25
 5.70
 6.17
 6.40
 5.63
 4.68
 5.98
 4.35
 6.19
 5.69
 5.17
 5.45
 6.56
 5.50
 6.23
 6.70
 3.91
 6.31
 6.17
 6.37
 5.06
 5.89
 5.62
 3.52
 6.24
 6.39
 6.47
 4.52
 6.14
 4.77
 6.17
 5.11
 5.64
 4.94
 5.32
 5.80
 6.34
 5.35
 6.41
 6.00
 6.50
 5.2 
 4.79
 6.15
 2.98
 6.82
 5.56
 5.79
 5.63
 6.45
 5.65
 6.45
 5.09
 6.02
 6.46
 3.69
 6.31
 5.55
 6.22
 3.80
 6.09
 3.01
 6.26
 5.97
 6.24
 4.59
 6.06
 6.46
 6.37
 5.08
 6.01
 5.32
 6.42
 5.45
 4.12
 5.73
 3.88
 6.02
 6.35
 6.08
 5.05
 5.62
 6.27
 4.58
 5.79
 5.57
 5.95
 6.30
 5.27
 5.83
 4.88
 6.48
 6.24
 5.93
 4.94
 5.93
 5.71
 5.85
 5.72
 5.14
 6.30
 6.41
 6.28
 5.84
 6.32
 6.37
 6.37
 6.30
 5.26
 6.04
 5.48
 3.54
 6.12
 5.73
 6.05
 6.35
 6.70
 6.21
 5.23
 6.58
 6.20
 4.70
 5.36
 5.66
 6.52
 5.74
 6.20
 6.54
 6.20
 6.14
 6.12
 5.94
 6.45
 6.70
 5.86
 6.12
 5.70
 6.19
 6.42
 6.43
 6.37
 4.60
 6.14
 6.27
 6.21
 4.48
 3.52
 5.08
 5.60
 6.52
 6.24
 4.37
 4.49
 1.35
 5.52
 6.36
 6.53
 6.27
 6.32
 6.24
 5.91
 4.86
 5.31
 6.13
 5.85
 3.61
 5.28
 5.65
 6.60
 6.44
 5.60
 6.25
 5.98
 5.81
 6.28
 5.77
 6.44
 6.04
 6.40
 6.25
 5.72
 6.16
 6.25
 6.02
 6.38
 6.46
 5.90
 6.40
 5.28
 6.10
 6.35
 5.78
 6.66
 6.41
 3.85
 5.35
 5.16
 5.82
 6.49
 6.55
 6.19
 5.97
 3.44
 5.84
 3.45
 6.08
 5.41
 5.60
 3.32
 6.16
 5.82
 6.57
 6.52
 5.24
 6.22
 6.43
 6.30
 6.00
 5.96
 6.40
 5.34
 3.40
 6.45
 6.00
 6.30
 4.79
 6.00
 5.96
 2.61
 3.80
 6.37
 6.32
 5.81
 5.50
 4.57
 6.66
 5.67
 5.65
 5.76
 6.51
 3.05
 6.12
 6.50
 4.97
 6.51
 4.50
 5.90
 6.13
 6.07
 6.39
 6.54
 4.83
 5.50
 5.97
 6.27
 5.26
 6.32
 5.33
 6.27
 5.61
 4.99
 4.74
 6.35
 5.57
 6.18
 3.81
 5.95
 6.02
 6.15
 6.44
 6.13
 4.21
 6.04
 4.00
 6.35
 4.25
 6.19
 6.32
 5.58
 6.12
 6.05
 4.66
 6.10
 4.84
 5.77
 3.82
 6.01
 5.21
 5.58
 5.56
 5.09
 5.29
 6.52
 6.20
 5.58
 5.90
 6.51
 4.84
 5.46
 6.43
 6.19
 6.05
 6.45
 4.75
 3.85
 4.89
 5.74
 6.09
 5.58
 4.74
 5.91
 3.32
 5.16
 4.93
 5.02
 6.00
 5.08
 5.08
 6.14
 5.67
 6.10
 6.28
 6.23
 6.49
 5.38
 6.08
 6.57
 6.03
 6.29
 5.70
 4.45
 6.52
 7.07
 4.89
 4.82
 5.08
 5.52
 4.71
 3.84
 5.85
 5.45
 6.30
 4.91
 6.04
 5.91
 4.11
 6.11
 5.75
 4.66
 5.12
 5.92
 4.28
 5.00
 6.26
 6.37
 6.02
 5.52
 6.07
 5.80
 6.42
 5.51
 6.24
 5.18
 5.08
 5.79
 5.64
 6.00
 4.82
 6.27
 5.38
 2.76
 4.57
 6.28
 6.34
 5.24
 5.77
 4.82
 5.97
 6.37
 5.49
 5.48
 6.21
 6.26
 6.46
 6.27
 5.42
 6.39
 2.69
 6.25
 6.67
 5.34
 5.23
 5.23
 4.85
 6.15
 5.93
 5.88
 6.36
 5.34
 6.00
 6.61
 6.04
 5.47
 3.11
 5.86
 4.45
 5.67
 5.58
 5.79
 5.61
 5.91
 5.95
 6.65
 6.44
 5.93
 6.38
 6.31
 5.10
 3.83
 4.71
 6.12
 5.25
 5.24
 6.38
 5.45
 6.20
 5.66
 5.72
 3.78
 5.03
 4.50
 6.30
 6.44
 5.99
 6.11
 6.03
 5.91
 5.93
 5.81
 6.33
 6.14
 6.35
 5.92
 6.20
 4.60
 5.91
 6.17
 6.11
 5.05
 6.00
 6.13
 5.47
 6.55
 5.71
 6.43
 5.89
 6.02
 6.39
 4.08
 5.08
 5.88
 6.16
 4.84
 5.81
 4.39
 4.99
 2.37
 6.15
 6.34
 6.07
 4.74
 4.42
 1.79
 6.23
 6.14
 6.71
 5.50
 5.95
 6.46
 6.34
 6.00
 4.63
 5.67
 6.19
 5.43
 4.94
 6.09
 6.13
 5.71
 6.30
 5.52
 6.77
 6.32
 6.46
 6.02
 6.59
 4.61
 6.41
 5.15
 6.54
 5.57
 6.06
 6.49
 5.68
 5.74
 5.44
 3.01
 5.89
 3.91
 5.13
 5.81
 6.40
 6.30
 6.88
 4.48
 6.63
 6.41
 6.38
 6.13
 6.40
 6.35
 5.36
 6.33
 4.60
 6.11
 5.80
 5.23
 5.42
 2.56
 5.79
 3.34
 5.76
 5.74
 4.63
 6.50
 6.21
 5.32
 6.67
 5.88
 4.47
 6.14
 6.31
 5.18
 6.27
 6.45
 4.87
 4.41
 6.68
 3.48
 6.66
 6.06
 4.78
 5.91
 3.56
 6.21
 5.99
 6.35
 4.05
 6.27
 6.43
 6.41
 3.89
 6.02
 4.99
 6.12
 6.05
 5.09
 5.00
 6.43
 5.79
 3.94
 5.39
 5.11
 4.83
 6.12
 5.80
 4.08
 5.59
 5.75
 5.57
 5.22
 6.37
 5.89
 6.32
 5.17
 6.50
 5.30
 5.94
 5.81
 4.95
 6.25
 6.45
 5.83
 5.31
 5.08
 6.28
 6.09
 5.74
 6.41
 5.76
 6.15
 6.35
 5.94
 4.77
 5.52
 3.84
 6.42
 6.56
 6.20
 6.38
 5.48
 6.24
 5.13
 5.15
 5.81
 5.64
 6.16
 5.95
 5.64
 5.90
 5.04
 3.54
 6.05
 6.40
 5.39
 6.55
 5.77
 5.95
 5.63
 5.98
 6.45
 4.62
 5.20
 5.50
 5.71
 6.56
 5.80
 5.25
 3.13
 4.70
 5.74
 6.31
 4.30
 5.83
 6.29
 6.14
 5.15
 5.44
 5.59
 6.17
 5.65
 6.10
 6.46
 6.27
 5.36
 6.22
 5.96
 6.44
 5.15
 5.48
 6.42
 6.21
 6.19
 5.17
 6.37
 4.70
 5.26
 5.33
 5.96
 6.44
 4.94
 6.27
 5.73
 5.55
 5.22
 5.30
 6.59
 6.22
 6.33
 5.98
 6.39
 6.07
 5.03
 6.02
 6.10
 4.73
 4.85
 6.26
 4.03
 3.71
 5.29
 3.64
 5.27
 4.11
 4.91
 6.17
 6.48
 5.41
 4.53
 5.32
 6.26
 4.72
 5.88
 5.11
 6.15
 2.14
 6.04
 5.70
 4.32
 4.97
 6.13
 3.61
 5.70
 6.48
 6.35
 5.64
 6.27
 4.46
 6.35
 5.85
 4.90
 6.45
 5.57
 4.28
 6.17
 2.44
 6.30
 6.06
 6.46
 5.30
 5.58
 6.54
 7.03
 6.49
 5.91
 5.53
 5.93
 5.84
 5.18
 6.13
 6.22
 6.26
 6.21
 6.62
 5.57
 6.42
 6.76
 5.44
 6.79
 5.61
 6.43
 6.17
 5.96
 6.05
 4.91
 6.50
 5.37
 6.17
 5.55
 6.28
 4.66
 5.26
 6.31
 6.16
 5.59
 5.21
 6.05
 6.42
 5.89
 6.22
 4.33
 5.15
 6.44
 5.87
 4.72
 5.35
 5.04
 6.27
 5.96
 4.12
 5.80
 6.13
 6.33
 6.23
 6.37
 6.23
 6.06
 4.15
 5.18
 4.47
 6.37
 5.34
 2.60
 6.22
 4.02
 5.75
 5.48
 5.95
 6.35
 6.17
 5.72
 3.00
 6.06
 6.39
 6.01
 6.08
 5.46
 6.61
 6.23
 3.96
 6.00
 5.66
 6.43
 6.49
 5.57
 5.92
 6.17
 5.14
 6.5 
 5.76
 6.35
 5.85
 6.33
 5.31
 6.22
 6.16
 5.83
 2.80
 6.11
 6.26
 5.71
 3.31
 6.54
 2.59
 5.10
 6.22
 6.29
 5.66
 4.95
 5.00
 6.06
 6.05
 4.11
 5.81
 5.70
 4.26
 6.15
 6.34
 6.99
 6.54
 4.04
 6.23
 5.90
 5.00
 6.33
 6.48
 6.27
 6.28
 5.38
 6.33
 3.89
 5.29
 5.97
 6.21
 5.54
 6.15
 4.96
 5.21
 4.74
 7.13
 5.14
 3.59
 5.55
 5.92
 5.15
 5.74
 6.19
 5.39
 4.81
 6.40
 6.33
 6.36
 5.68
 5.32
 6.40
 5.79
 6.06
 4.80
 5.18
 6.25
 6.42
 6.30
 6.11
 5.95
 6.09
 5.73
 6.03
 5.81
 6.32
 5.02
 4.86
 1.33
 1.73
 4.82
 4.95
 6.26
 5.55
 6.00
 4.36
 5.00
 5.50
 6.24
 6.37
 6.35
 3.91
 6.04
 5.70
 6.22
 6.22
 5.44
 6.15
 6.54
 6.65
 5.29
 5.48
 5.80
 6.02
 5.69
 2.95
 6.35
 5.63
 5.35
 6.21
 6.08
 1.63
 6.42
 4.95
 5.46
 6.21
 5.48
 5.88
 6.05
 5.95
 6.19
 3.87
 6.46
 4.31
 5.74
 6.26
 6.26
 5.58
 6.29
 5.48
 6.38
 5.42
 6.24
 4.26
 2.65
 3.87
 5.77
 4.81
 6.22
 6.56
 5.02
 5.85
 5.13
 4.94
 5.80
 6.20
 2.69
 5.87
 5.5 
 5.68
 3.86
 5.45
 6.49
 6.33
 6.25
 5.71
 7.08
 6.00
 5.89
 6.37
 6.38
 4.66
 6.26
 5.46
 6.45
 4.64
 5.84
 2.17
 6.33
 6.08
 5.98
 4.93
 6.19
 3.65
 3.68
 6.03
 4.88
 5.59
 5.31
 4.66
 6.08
 6.07
 6.00
 6.40
 6.44
 5.93
 6.39
 5.48
 6.38
 6.16
 4.69
 6.33
 3.05
 5.95
 4.99
 5.22
 4.65
 5.67
 5.86
 5.12
 6.40
 1.25
 6.34
 6.07
 6.26
 6.44
 6.41
 5.89
 5.66
 6.56
 5.55
 5.43
 6.31
 5.70
 6.27
 5.85
 6.75
 5.78
 5.46
 6.24
 5.73
 6.43
 4.91
 5.89
 5.72
 6.41
 6.02
 5.98
 6.33
 6.15
 6.24
 4.94
 6.32
 5.93
 6.30
 5.76
 4.33
 4.27
 5.90
 6.11
 5.85
 5.28
 4.90
 6.58
 6.44
 4.62
 4.03
 5.17
 6.25
 6.00
 4.79
 5.89
 6.26
 1.77
 5.47
 5.93
 5.32
 5.84
 3.38
 6.17
 6.62
 5.16
 5.60
 2.90
 5.24
 5.82
 6.31
 6.12
 4.78
 5.79
 6.02
 3.62
 4.90
 5.99
 6.20
 6.01
 5.32
 5.96
 6.03
 4.93
 2.83
 4.85
 6.00
 5.58
 6.53
 6.59
 6.26
 6.43
 4.71
 5.59
 4.27
 5.25
 5.99
 5.63
 5.99
 6.54
 6.54
 5.60
 6.31
 5.71
 5.51
 6.14
 4.80
 5.19
 6.19
 5.55
 4.95
 6.32
 5.78
 5.94
 5.91
 4.38
 6.02
 6.06
 5.91
 6.28
 5.22
 5.22
 5.79
 5.91
 6.33
 5.25
 6.54
 4.60
 5.85
 5.90
 6.50
 4.85
 6.16
 5.04
 6.22
 4.26
 6.33
 5.89
 5.77
 6.53
 5.89
 4.92
 6.28
 6.16
 6.11
 4.80
 6.37
 5.33
 5.89
 4.92
 5.67
 6.19
 6.07
 5.22
 4.87
 6.59
 5.79
 6.68
 5.10
 6.45
 5.84
 6.25
 6.45
 5.22
 6.04
 5.33
 6.37
 4.80
 6.19
 4.73
 6.20
 4.74
 3.00
 6.62
 5.82
 5.15
 6.18
 6.02
 5.48
 6.02
 2.75
 5.77
 6.05
 6.26
 5.60
 6.21
 6.18
 4.53
 5.83
 5.69
 6.16
 6.38
 5.87
 4.53
 5.05
 6.22
 5.37
 6.35
 6.48
 5.89
 5.31
 5.67
 5.75
 6.63
 6.07
 6.44
 2.27
 3.95
 0.98
 5.78
 5.09
 5.97
 5.69
 6.31
 4.01
 6.28
 5.25
 6.40
 6.20
 5.88
 4.76
 6.11
 6.50
 5.06
 4.98
 5.79
 6.66
 7.04
 6.34
 6.47
 6.43
 6.80
 4.97
 5.65
 6.48
 6.43
 5.58
 5.40
 6.17
 6.51
 6.09
 3.88
 6.47
 5.77
 6.16
 6.37
 6.01
 4.69
 6.08
 5.69
 6.45
 5.55
 5.21
 6.68
 6.11
 6.33
 6.44
 4.94
 5.91
 3.37
 6.37
 5.60
 4.98
 5.73
 4.70
 5.63
 6.49
 6.34
 6.84
 6.50
 5.98
 6.10
 5.78
 5.90
 6.42
 5.74
 6.01
 6.59
 6.49
 4.82
 5.83
 6.52
 5.79
 6.57
 2.30
 6.48
 6.00
 6.27
 5.60
 6.48
 5.57
 5.50
 5.38
 5.01
 5.46
 6.21
 5.75
 6.23
 6.59
 6.05
 6.32
 5.62
 5.01
 6.00
 6.41
 6.29
 4.66
 5.98
 6.16
 5.98
 6.47
 5.36
 6.30
 5.98
 5.85
 6.51
 6.13
 5.60
 6.21
 5.81
 4.23
 6.02
 6.19
 6.51
 4.65
 5.51
 5.15
 5.91
 5.45
 6.50
 6.05
 5.87
 5.94
 5.43
 5.95
 6.33
 5.91
 4.50
 5.50
 5.70
 5.95
 6.53
 3.41
 1.86
 4.19
 3.04
 5.75
 5.62
 4.97
 6.18
 6.44
 7.4 
 4.07
 4.91
 6.53
 5.98
 6.38
 6.01
 5.77
 5.25
 6.35
 6.45
 4.56
 6.06
 6.12
 5.96
 6.65
 5.87
 6.46
 5.89
 5.71
 4.74
 6.04
 4.73
 5.54
 6.10
 6.19
 5.70
 4.65
 6.40
 6.04
 5.90
 5.71
 2.55
 5.15
 6.19
 6.14
 2.68
 6.00
 6.51
 5.70
 5.83
 6.09
 4.71
 6.20
 6.16
 5.91
 6.32
 6.14
 5.01
 3.83
 3.87
 5.15
 5.91
 6.49
 5.97
 6.00
 5.76
 6.37
 5.77
 6.40
 6.13
 4.34
 5.5 
 5.99
 6.23
 4.26
 5.48
 5.92
 0.61
 6.18
 6.11
 6.20
 6.27
 6.30
 6.30
 6.26
 6.24
 6.39
 6.28
 6.17
 6.02
 6.15
 6.42
 6.34
 6.28
 6.56
 4.36
 6.20
 3.27
 2.06
 6.40
 5.46
 3.65
 6.34
 6.05
 6.17
 6.06
 6.00
 4.75
 6.47
 5.27
 5.25
 4.91
 6.46
 4.91
 4.83
 6.45
 6.47
 6.43
 5.56
 6.34
 6.11
 6.11
 5.08
 5.01
 6.24
 4.19
 5.07
 5.91
 5.61
 6.39
 5.75
 4.82
 6.36
 5.54
 6.08
 6.31
 6.39
 6.42
 6.69
 4.54
 5.29
 6.45
 5.43
 6.39
 5.24
 6.24
 5.06
 6.55
 4.08
 4.32
-0.04
 6.44
 6.15
 5.98
 6.22
 6.58
 6.25
 6.38
 6.54
 5.23
 4.75
 4.18
 5.80
 6.47
 3.55
 5.90
 5.87
 5.94
 4.33
 4.52
 6.20
 4.81
 5.56
 6.32
 4.77
 5.41
 5.14
 4.05
 6.19
 6.86
 4.86
 4.92
 6.53
 6.33
 6.44
 6.09
 5.56
 6.02
 4.42
 5.61
 6.00
 4.77
 6.36
 6.21
 6.27
 6.86
 5.12
 6.22
 5.95
 6.07
 5.32
 5.85
 5.10
 6.49
 6.19
 4.56
 4.35
 6.61
 6.32
 6.48
 6.35
 5.83
 6.27
 6.45
 4.05
 5.39
 6.17
 4.97
 5.83
 4.81
 5.42
 6.63
 5.50
 5.37
 7.62
 7.12
 6.10
 6.39
 5.94
 5.97
 5.59
 6.93
 6.06
 6.35
 6.02
 4.42
 5.87
 5.87
 6.09
 3.58
 4.25
 6.60
 6.40
 6.01
 5.92
 3.03
 6.09
 6.27
 6.50
 5.87
 2.31
 6.43
 5.76
 6.04
 5.55
 6.33
 6.13
 4.46
 6.03
 5.74
 5.41
 6.48
 5.74
 4.05
 6.38
 6.20
 6.02
 6.07
 6.39
-0.01
 1.33
 6.30
 5.91
 3.19
 5.70
 6.22
 5.67
 5.85
 5.39
 2.30
 3.83
 4.00
 6.10
 5.91
 6.37
 4.94
 5.88
 4.83
 4.43
 6.26
 4.86
 5.56
 5.36
 6.38
 5.73
 4.05
 6.11
 3.88
 6.10
 4.92
 4.81
 6.48
 6.25
 5.73
 5.74
 5.21
 6.07
 4.94
 6.07
 5.81
 5.91
 5.69
 4.60
 6.33
 6.40
 5.12
 2.70
 6.13
 5.94
 6.30
 6.28
 3.72
 5.63
 6.06
 5.63
 6.23
 5.24
 5.77
 6.35
 6.04
 5.60
 5.68
 6.14
 5.31
 6.14
 5.65
 4.41
 5.87
 4.32
 6.16
 5.15
 2.75
 5.80
 5.74
 5.85
 4.94
 6.18
 6.51
 5.69
 6.09
 5.34
 5.48
 6.29
 5.03
 4.55
 5.65
 5.20
 5.93
 5.30
 5.82
 6.40
 5.11
 5.46
 6.01
 5.80
 6.20
 5.38
 5.91
 5.32
 5.64
 6.64
 6.36
 6.06
 2.08
 5.46
 6.29
 6.35
 5.77
 5.74
 6.12
 4.49
 2.68
 6.15
 5.53
 6.49
 5.71
 3.13
 5.65
 6.60
 6.47
 6.10
 5.63
 5.87
 6.09
 5.93
 5.89
 4.92
 6.22
 5.64
 4.60
 5.52
 5.85
 6.38
 5.17
 5.71
 5.44
 5.64
 6.37
 6.52
 6.61
 4.81
 4.40
 3.50
 3.29
 6.41
 4.72
 4.82
 5.15
 5.93
 5.51
 6.50
 6.17
 6.65
 6.59
 6.67
 6.27
 4.54
 5.77
 4.76
 5.96
 6.17
 5.76
 5.20
 6.28
 5.79
 5.85
 4.05
 5.57
 6.01
 6.13
 6.35
 6.16
 6.30
 6.02
 4.93
 5.25
 5.98
 5.54
 5.67
 6.10
 5.81
 5.76
 6.44
 7.39
 5.81
 6.32
 3.87
 5.69
 6.39
 3.41
 6.33
 4.82
 4.54
 6.10
 5.89
 6.47
 6.08
 6.45
 5.84
 6.68
 4.91
 5.73
 6.17
 5.95
 5.09
 6.30
 4.86
 5.16
 6.04
 6.28
 4.07
 2.89
 6.17
 6.20
 5.99
 5.33
 5.26
 6.13
 5.50
 5.63
 5.46
 3.47
 6.28
 4.27
 6.28
 2.61
 4.34
 5.59
 6.18
 6.20
 5.89
 5.13
 5.70
 6.51
 5.06
 3.22
 6.20
 6.48
 5.00
 5.65
 5.67
 6.17
 6.32
 6.30
 4.51
 3.56
 6.35
 5.54
 3.37
 5.51
 5.35
 6.39
 4.54
 5.89
 5.02
 5.66
 6.19
 6.28
 5.37
 5.37
 5.72
 6.12
 7.03
 4.94
 4.60
 5.71
 5.50
 5.58
 6.08
 5.57
 5.49
 5.98
 6.01
 4.31
 6.50
 3.05
 5.45
 5.79
 6.10
 5.17
 6.27
 5.46
 5.24
 5.64
 3.29
 6.02
 5.17
 3.68
 6.45
 6.22
 5.82
 6.25
 6.15
 6.46
 6.50
 5.90
 6.22
 6.18
 6.57
 6.43
 6.46
 6.37
 5.52
 5.02
 5.50
 7.00
 6.51
 5.82
 6.38
 6.38
 6.22
 4.11
 5.51
 6.36
 5.02
 5.15
 2.78
 4.62
 4.14
 6.51
 5.17
 4.54
 5.65
 6.45
 5.43
 5.79
 5.95
 3.91
 3.80
 3.80
 6.24
 6.56
 6.44
 2.23
 3.58
 6.12
 6.07
 4.33
 5.44
 6.51
 5.11
 6.19
 5.26
 5.95
 5.93
 6.57
 5.78
 6.04
 6.42
 6.32
 5.84
 5.97
 3.66
 6.52
 5.38
 6.50
 6.48
 6.74
 5.74
 6.34
 4.67
 6.23
 6.34
 5.24
 4.96
 4.64
 4.96
 6.11
 5.87
 6.58
 5.75
 6.25
 6.04
 6.00
 5.07
 5.84
 6.48
 5.24
 4.74
 4.75
 6.01
 6.45
 4.52
 5.33
 5.62
 5.81
 5.94
 6.31
 5.41
 3.84
 6.48
 6.18
 6.39
 5.88
 2.65
 5.56
 6.51
 5.51
 6.14
 5.58
 5.61
 6.33
 6.42
 5.40
 6.01
 6.07
 6.24
 3.67
 4.43
 5.77
 5.71
 5.84
 6.12
 5.73
 6.00
 5.53
 6.54
 6.44
 5.92
 4.09
 5.85
 3.53
 6.01
 3.95
 6.19
 4.64
 5.19
 5.86
 5.23
 4.63
 6.60
 5.09
 3.71
 6.40
 5.2 
 5.11
 6.19
 2.85
 6.15
 4.76
 5.77
 4.82
 5.03
 4.32
 4.59
 5.76
 5.39
 5.42
 4.15
 6.36
 6.14
 6.10
 5.87
 6.09
 4.62
 5.94
 6.21
 5.62
 6.03
 6.29
 5.75
 6.31
 5.81
 6.29
 5.44
 5.12
 5.62
 6.37
 3.88
 5.80
 6.13
 6.26
 5.37
 3.85
 5.85
 6.31
 5.45
 6.10
 5.75
 6.41
 5.54
 4.88
 5.43
 4.99
 2.89
 6.49
 6.13
 4.15
 3.41
 6.31
 6.31
 6.25
 6.21
 2.32
 5.47
 5.70
 6.33
 5.62
 2.0 
 5.55
 4.95
 4.63
 4.65
 5.83
 6.05
 6.03
 5.12
 4.89
 5.41
 5.00
 6.01
 4.99
 4.83
 6.21
 6.10
 5.90
 6.08
 5.07
 4.77
 6.16
 4.72
 5.93
 4.76
 5.83
 2.62
 4.92
 4.01
 4.23
 5.92
 6.53
 6.41
 5.73
 6.29
 3.96
 5.57
 6.19
 6.32
 4.32
 6.33
 7.05
 6.65
 5.38
 5.78
 5.88
 5.63
 6.14
 6.19
 5.54
 5.00
 6.25
 5.73
 5.91
 6.47
 6.14
 5.97
 5.86
 5.37
 5.13
 4.76
 5.81
 4.68
 5.27
 5.83
 4.26
 4.94
 5.44
 6.30
 4.01
 4.59
 5.67
 3.85
 4.94
 6.53
 5.43
 5.56
 6.08
 6.33
 5.75
 6.49
 5.70
 5.63
 6.25
 6.41
 6.29
 5.92
 5.14
 5.63
 5.48
 5.22
 6.14
 5.87
 6.41
 6.50
 6.32
 6.05
 5.44
 2.74
 6.31
 4.99
 6.33
 5.50
 6.09
 6.49
 5.64
 6.66
 5.69
 6.61
 6.18
 6.14
 6.21
 4.78
 5.45
 4.02
 5.77
 5.78
 3.24
 6.29
 5.49
 5.94
 5.48
 6.12
 4.55
 6.39
 5.33
 2.89
 5.88
 5.40
 6.05
 5.98
 6.15
 5.91
 5.46
 3.89
 4.82
 5.40
 3.75
 6.23
 6.47
 4.91
 6.33
 5.42
 6.41
 3.89
 4.85
 4.50
 6.63
 5.84
 5.20
 5.39
 5.27
 6.40
 5.85
 5.02
 5.92
 5.69
 4.47
 4.95
 4.57
 4.42
 6.7 
 6.06
 6.11
 5.79
 5.54
 6.07
 5.20
 5.25
 5.74
 5.23
 4.63
 5.67
 5.35
 2.74
 6.57
 0.96
 5.50
 5.39
 6.48
 6.57
 6.04
 5.68
 4.79
 5.33
 4.23
 6.50
 6.10
 5.04
 4.28
 2.77
 3.82
 6.29
 5.52
 5.25
 4.45
 5.76
 4.94
 6.45
 6.25
 5.63
 4.84
 6.46
 5.00
 5.65
 4.24
 5.47
 2.82
 4.16
 6.18
 4.20
 6.41
 5.94
 5.75
 5.91
 5.56
 5.83
 2.56
 6.30
 6.18
 5.91
 6.09
 6.30
 6.31
 6.03
 5.79
 5.53
 5.08
 6.53
 5.65
 5.65
 6.35
 6.26
 6.34
 5.87
 6.09
 6.93
 5.77
 4.96
 6.23
 6.16
 5.29
 4.90
 6.24
 5.57
 6.08
 5.13
 5.74
 6.20
 5.96
 6.06
 6.12
 6.05
 6.46
 2.81
 5.92
 5.71
 5.74
 6.58
 1.92
 6.02
 5.58
 3.53
 5.48
 5.99
 4.83
 6.03
 6.71
 6.16
 5.56
 5.15
 3.76
 6.05
 6.32
 6.10
 6.13
 5.24
 6.03
 6.47
 4.85
 6.32
 6.35
 6.10
 2.29
 5.87
 4.65
 6.11
 5.22
 5.91
 3.08
 6.32
 6.49
 5.49
 5.94
 3.57
 6.02
 4.82
 5.51
 6.13
 5.96
 5.72
 6.13
 5.45
 6.32
 4.73
 6.45
 6.29
 6.59
 5.88
 5.98
 6.52
 5.88
 5.04
 3.62
 5.77
 6.35
 6.33
 5.94
 5.79
 6.25
 6.57
 5.32
 5.25
 4.38
 6.37
 6.15
 6.37
 3.13
 6.00
 5.41
 5.48
 5.55
 6.34
 5.58
 6.08
 5.35
 6.27
 4.06
 6.19
 5.65
 6.09
 3.20
 6.00
 6.37
 6.59
 6.65
 6.11
 6.28
 6.56
 6.32
 5.86
 5.75
 5.97
 6.45
 6.34
 5.29
 4.89
 5.03
 6.59
 4.82
 6.41
 5.73
 6.26
 4.23
 6.06
 3.92
 5.65
 6.31
 5.91
 6.55
 6.33
 6.03
 6.28
 5.25
 5.75
 4.87
 6.30
 6.36
 4.98
 6.19
 6.52
 6.30
 5.93
 6.08
 6.35
 5.98
 6.40
 6.69
 6.13
 6.13
 6.01
 6.30
 6.04
 6.17
 5.64
 6.29
 4.91
 6.39
 6.22
 6.37
 6.37
 6.10
 6.38
 6.43
 6.09
 5.56
 5.99
 5.97
 6.06
 5.89
 5.83
 5.80
 5.08
 6.36
 6.25
 5.84
 5.56
 6.34
 5.39
 2.43
 6.21
 3.33
 5.67
 6.30
 6.46
 6.09
 6.57
 6.54
 6.14
 5.08
 6.01
 6.33
 6.19
 6.60
 5.33
 6.65
 6.29
 3.17
 5.53
 5.96
 6.04
 6.53
 5.11
 5.07
 6.21
 5.99
 6.12
 3.48
 5.39
 5.91
 5.55
 3.14
 5.41
 6.17
 6.09
 5.88
 4.73
 5.48
 4.78
 3.16
 5.96
 5.76
 5.56
 6.36
 6.27
 5.20
 6.80
 5.91
 6.65
 6.43
 5.88
 6.45
 4.82
 6.00
 5.03
 6.51
 6.02
 4.65
 7.48
 5.88
 6.32
 5.70
 6.52
 5.80
 5.65
 5.94
 4.39
 4.33
 5.77
 6.32
 6.46
 6.41
 5.25
 5.00
 3.27
 6.47
 5.38
 5.93
 5.12
 5.39
 5.35
 5.12
 2.85
 3.34
 6.35
 5.59
 6.29
 6.35
 6.43
 5.23
 5.51
 6.16
 6.24
 5.85
 6.21
 6.19
 6.19
 5.77
 5.29
 5.92
 5.67
 5.74
 5.71
 6.35
 5.75
 5.47
 4.52
 4.17
 5.94
 6.49
 6.44
 6.44
 6.28
 4.29
 4.54
 6.00
 5.98
 6.21
 6.06
 4.34
 6.41
 3.62
 6.02
 5.54
 6.39
 6.37
 5.95
 5.94
 5.44
 2.69
 5.85
 2.95
 5.65
 6.37
 6.03
 6.51
 5.31
 6.44
 6.43
 4.81
 6.05
 6.39
 6.17
 5.84
 5.59
 6.28
 4.41
 1.63
 5.61
 5.72
 6.10
 6.43
 6.42
 5.62
 5.62
 5.70
 2.79
 4.59
 6.56
 6.48
 6.40
 5.64
 5.69
 6.48
 5.55
 6.57
 4.29
 5.93
 5.81
 5.25
 5.74
 6.40
 6.45
 1.87
 4.88
 4.87
 2.08
 6.26
 6.10
 6.10
 6.17
 3.54
 5.94
 6.10
 6.38
 6.49
 5.05
 4.62
 5.75
 4.77
 6.02
 5.77
 5.79
 5.23
 5.37
 6.26
 6.24
 6.12
 6.19
 6.37
 2.41
 4.26
 3.62
 5.54
 6.03
 5.15
 6.01
 6.40
 3.80
 6.34
 5.95
 6.28
 6.36
 6.36
 5.52
 4.87
 4.80
 5.87
 6.42
 6.59
 6.39
 6.30
 5.52
 2.77
 6.24
 6.77
 5.86
 5.99
 5.71
 6.17
 6.56
 6.19
 6.34
 6.43
 6.11
 3.03
 4.54
 6.18
 5.75
 6.23
 5.94
 6.35
 5.92
 3.42
 5.78
 6.52
 6.68
 5.72
 4.83
 3.75
 3.21
 4.81
 6.09
 6.22
 6.49
 6.07
 4.58
 5.79
 5.69
 6.47
 6.11
 6.43
 6.12
 5.96
 5.12
 6.66
 6.35
 5.90
 5.84
 6.20
 6.17
 6.06
 6.45
 6.03
 5.50
 5.98
 5.02
 6.17
 5.60
 6.35
 6.38
 6.21
 5.96
 6.42
 6.68
 6.46
 6.18
 5.95
 5.96
 6.46
 5.77
 6.06
 6.20
 6.04
 6.38
 4.86
 6.38
 5.16
 6.43
 6.52
 5.80
 5.89
 4.88
 6.29
 5.82
 5.46
 5.47
 5.58
 3.75
 5.97
 6.29
 5.74
 6.01
 5.16
 7.04
 3.86
 6.36
 6.30
 3.34
 6.10
 4.76
 5.04
 6.02
 3.70
 6.21
 2.23
 5.87
 4.41
 6.30
 6.37
 4.62
 6.00
 4.64
 4.67
 3.97
 6.28
 5.77
 6.24
 6.48
 6.34
 6.50
 5.28
 6.26
 4.45
 5.34
 5.45
 5.99
 6.74
 5.67
 5.18
 4.96
 5.86
 6.76
 5.94
 5.24
 6.36
 5.97
 6.15
 5.28
 6.00
 6.41
 6.21
 4.69
 3.66
 6.50
 4.35
 2.99
 6.14
 5.95
 5.77
 5.77
 5.85
 4.03
 6.21
 6.34
 5.85
 5.77
 6.34
 7.04
 6.15
 6.38
 5.49
 6.28
 6.15
 6.52
 5.06
 4.57
 6.34
 5.71
 5.52
 4.64
 3.73
 6.58
 6.61
 6.73
 5.04
 6.63
 6.43
 6.07
 3.83
 5.53
 5.86
 5.90
 4.53
 6.37
 6.39
 5.86
 4.36
 6.16
 4.36
 6.29
 5.00
 6.32
 5.48
 5.10
 5.73
 6.47
 5.69
 6.36
 6.38
 5.51
 4.98
 6.51
 6.09
 5.47
 5.60
 6.40
 5.58
 6.33
 6.04
 5.68
 5.79
 3.86
 6.59
 5.88
 4.97
 5.44
 5.95
 5.46
 5.33
 6.12
 6.06
 5.38
 5.95
 6.36
 6.07
 6.04
 6.49
 6.18
 5.47
 6.36
 6.56
 3.11
 6.16
 6.01
 6.19
 6.40
 5.95
 5.75
 6.30
 6.00
 6.54
 4.65
 6.31
 6.63
 5.59
 6.51
 6.29
 6.84
 6.37
 5.03
 6.30
 5.99
 6.11
 6.63
 4.36
 6.45
 5.39
 5.39
 2.70
 5.27
 6.25
 5.10
 5.75
 6.16
 5.95
 4.86
 5.99
 4.95
 3.26
 5.34
 6.14
 4.33
 6.13
 5.55
 5.25
 5.63
 5.12
 6.33
 1.85
 6.30
 5.73
 5.41
 5.89
 4.68
 5.25
 6.40
 6.22
 5.60
 6.15
 6.38
 5.05
 6.31
 6.30
 5.46
 3.84
 4.81
 3.51
 6.15
 5.89
 6.74
 6.36
 5.65
 5.12
 6.27
 4.13
 6.37
 5.92
 5.76
 6.31
 5.64
 6.32
 6.27
 2.81
 6.27
 6.36
 4.64
 5.83
 5.21
 6.20
 4.22
 6.63
 5.70
 4.98
 6.53
 6.07
 6.5 
 3.57
 5.73
 6.59
 4.70
 6.04
 5.96
 5.66
 4.96
 5.39
 5.34
 5.72
 5.07
 6.44
 6.28
 6.69
 5.16
 5.90
 5.14
 4.82
 5.72
 6.68
 6.22
 6.43
 6.50
 4.64
 6.32
 5.65
 6.22
 5.77
 6.37
 5.94
 6.43
 5.50
 5.28
 5.49
 5.76
 6.36
 7.16
 6.51
 5.84
 6.42
 5.48
 6.48
 5.14
 6.59
 6.37
 3.85
 6.56
 6.57
 6.40
 5.78
 4.77
 6.59
 5.61
 6.21
 4.01
 5.36
 6.10
 5.39
 5.86
 5.45
 5.94
 6.47
 5.81
 5.37
 6.42
 5.75
 6.39
 6.29
 6.37
 5.42
 5.86
 6.49
 6.66
 0.03
 6.4 
 6.20
 5.78
 6.49
 5.64
 5.84
 6.38
 6.04
 6.28
 6.23
 4.79
 6.06
 6.42
 6.04
 6.36
 6.25
 5.74
 6.45
 4.72
 5.13
 6.22
 6.35
 6.15
 6.17
 6.32
 6.06
 6.00
 4.87
 6.41
 5.43
 4.90
 6.47
 6.31
 5.83
 5.73
 6.54
 6.36
 3.17
 5.02
 6.45
 6.09
 6.01
 5.70
 6.42
 5.37
 6.31
 5.83
 5.04
 5.24
 5.06
 6.02
 5.14
 5.37
 5.71
 4.36
 5.73
 6.51
 5.90
 6.11
 4.19
 5.49
 4.22
 4.83
 5.81
 5.20
 6.17
 5.61
 4.36
 6.62
 6.23
 6.47
 6.07
 4.22
 5.99
 6.21
 6.75
 5.24
 6.15
 6.52
 6.06
 6.44
 5.99
 5.88
 6.25
 5.88
 5.17
 6.61
 6.80
 6.40
 6.59
 5.54
 6.31
 5.83
 6.19
 6.12
 6.19
 6.64
 6.55
 5.91
 6.10
 5.25
 6.29
 6.13
 6.63
 3.45
 4.44
 6.60
 6.14
 6.34
 6.48
 6.18
 5.48
 5.69
 6.09
 4.83
 5.27
 6.28
 5.10
 4.99
 2.02
 5.36
 5.51
 5.35
 4.66
 5.79
 5.14
 5.93
 5.38
 6.01
 5.58
 5.62
 4.59
 4.87
 5.57
 6.31
 4.92
 7.30
 4.30
 6.02
 4.62
 4.98
 6.22
 6.15
 5.08
 5.44
 6.63
 5.69
 4.83
 3.51
 6.12
 4.87
 6.22
 5.77
 6.62
 6.49
 4.04
 5.57
 6.14
 6.39
 5.88
 5.22
 6.21
 6.37
 5.38
 5.53
 5.89
 6.36
 6.69
 6.40
 6.50
 5.23
 6.75
 5.89
 5.66
 4.02
 6.23
 3.24
 6.22
 4.82
 5.27
 6.24
 6.29
 6.46
 6.41
 6.32
 5.63
 4.75
 5.93
 6.45
 4.93
 4.02
 2.60
 5.65
 6.30
 5.74
 6.39
 6.22
 6.69
 6.65
 5.69
 6.05
 6.01
 6.37
 6.72
 6.40
 6.30
 5.42
 5.38
 5.50
 6.39
 5.16
 5.83
 5.01
 6.09
 3.77
 5.48
 6.73
 6.90
 5.33
 6.52
 5.97
 6.52
 5.42
 4.93
 4.99
 5.47
 6.31
 5.97
 6.53
 6.16
 6.49
 3.32
 2.99
 3.44
 5.56
 6.06
 6.03
 6.04
 6.29
 4.59
 6.09
 6.31
 6.56
 6.30
 6.54
 5.09
 5.54
 5.77
 5.38
 6.43
 5.55
 4.11
 6.46
 6.56
 5.88
 6.49
 4.11
 6.07
 5.23
 5.28
 6.23
 2.89
 6.13
 5.22
 6.48
 6.36
 6.34
 6.30
 6.13
 6.74
 6.57
 6.27
 5.81
 6.41
 5.80
 5.53
 5.34
 6.36
 5.92
 5.51
 5.98
 6.18
 6.73
 5.93
 5.15
 6.49
 5.40
 6.25
 6.25
 4.85
 6.75
 6.57
 5.12
 6.25
 6.38
 4.39
 6.00
 5.57
 5.64
 5.85
 5.59
 4.96
 6.54
 4.77
 5.63
 6.16
 4.99
 3.07
 6.27
 5.13
 6.19
 4.36
 5.28
 5.59
 6.06
 5.43
 5.10
 6.34
 6.41
 6.00
 6.58
 6.68
 6.32
 6.58
 5.58
 3.77
 5.05
 6.48
 5.53
 6.02
 5.01
 6.34
 6.60
 5.49
 4.01
 6.22
 6.26
 3.93
 6.31
 4.61
 4.29
 5.87
 6.31
 6.31
 6.31
 3.97
 5.83
 6.17
 6.26
 4.45
 6.32
 6.35
 6.04
 5.91
 6.64
 5.18
 6.06
 5.93
 6.52
 5.03
 5.43
 6.40
 6.43
 6.52
 5.69
 6.37
 6.25
 5.69
 4.59
 4.97
 5.16
 6.53
 5.59
 6.36
 3.36
 5.72
 6.70
 5.67
 6.51
 5.84
 5.96
 6.31
 5.16
 6.19
 4.66
 6.13
 5.74
 5.63
 5.81
 5.71
 6.30
 6.38
 5.15
 6.32
 5.85
 5.52
 6.60
 5.80
 6.60
 6.61
 6.34
 6.25
 4.44
 5.81
 5.56
 5.75
 6.33
 6.13
 5.75
 6.09
 6.38
 5.03
 6.05
 5.61
 3.08
 5.11
 6.25
 3.79
 5.87
 5.89
 6.05
 4.90
 6.53
 4.74
 5.53
 6.37
 4.45
 5.12
 5.65
 6.34
 6.27
 6.18
 6.39
 6.61
 5.00
 6.38
 6.11
 4.60
 5.38
 5.96
 5.64
 5.35
 6.68
 4.95
 4.36
 6.29
 6.38
 6.07
 5.73
 6.32
 6.67
 5.47
 6.09
 5.98
 6.05
 7.14
 6.26
 5.46
 6.25
 4.68
 5.66
 6.61
 6.52
 6.43
 6.50
 5.17
 4.48
 6.34
 6.35
 6.48
 5.97
 5.17
 6.38
 6.2 
 6.47
 4.69
 4.37
 5.67
 6.10
 6.50
 5.40
 5.82
 6.64
 6.01
 6.20
 4.37
 5.06
 6.36
 6.16
 6.16
 6.34
 6.39
 5.06
 5.49
 5.27
 5.41
 6.23
 6.51
 6.49
 5.94
 5.96
 6.20
 6.05
 5.49
 5.52
 6.28
 6.48
 5.35
 6.26
 6.05
 6.45
 5.84
 4.86
 6.48
 4.89
 6.82
 5.91
 6.57
 6.25
 6.22
 6.34
 6.05
 2.72
 6.27
 6.21
 2.87
 6.43
 6.09
 5.42
 6.11
 6.62
 4.99
 6.18
 3.82
 5.94
 6.05
 5.95
 6.04
 6.44
 5.77
 5.72
 5.92
 5.00
 6.12
 5.74
 6.50
 6.53
 6.44
 5.33
 5.39
 6.51
 6.11
 6.38
 0.77
 6.24
 6.13
 5.11
 5.92
 6.25
 6.34
 4.23
 4.95
 5.12
 5.69
 6.06
 6.13
 3.90
 6.48
 6.54
 5.57
 6.23
 5.65
 5.03
 6.20
 6.18
 5.75
 6.53
 4.13
 3.83
 6.10
 5.79
 6.46
 6.53
 5.26
 6.39
 5.62
 3.96
 5.91
 4.58
 5.71
 6.49
 4.71
 5.61
 4.70
 6.15
 6.51
 6.29
 5.52
 3.71
 5.76
 4.52
 6.55
 5.76
 6.57
 5.14
 5.36
 5.28
 6.06
 5.31
 4.94
 5.02
 3.89
 6.48
 6.28
 4.83
 4.92
 6.02
 6.17
 5.53
 4.37
 5.30
 5.13
 6.09
 6.14
 5.45
 5.95
 5.81
 5.66
 6.43
 4.96
 6.12
 3.47
 6.17
 5.88
 6.43
 6.29
 5.49
 5.67
 6.32
 6.01
 6.07
 5.37
 5.92
 5.19
 5.91
 5.71
 4.58
 6.15
 4.77
 4.64
 5.96
 6.20
 5.88
 5.22
 6.45
 4.99
 5.05
 6.72
 5.96
 6.45
 5.67
 3.56
 6.33
 5.68
 6.53
 5.52
 5.71
 6.34
 5.80
 4.94
 6.26
 6.55
 5.27
 6.45
 5.64
 5.10
 6.34
 6.47
 6.57
 6.19
 6.16
 4.51
 6.20
 6.14
 5.07
 5.36
 5.99
 6.37
 6.21
 6.43
 6.18
 6.26
 6.42
 5.85
 6.17
 6.11
 6.31
 5.39
 6.54
 5.32
 6.28
 6.48
 6.22
 6.09
 4.93
 6.49
 3.23
 5.52
 6.34
 6.22
 5.65
 5.85
 6.26
 6.27
 5.49
 5.92
 5.47
 6.92
 5.73
 6.56
 4.95
 6.30
 6.01
 5.75
 6.39
 6.53
 4.83
 5.18
 6.27
 6.14
 6.45
 3.79
 4.97
 6.71
 6.32
 4.78
 4.30
 5.15
 5.79
 5.66
 4.52
 6.31
 6.13
 4.24
 5.87
 6.13
 4.39
 3.98
 6.27
 5.32
 3.57
 6.31
 5.91
 6.48
 6.27
 5.24
 6.22
 5.28
 6.29
 4.81
 6.30
 6.46
 6.27
 5.84
 6.06
 5.58
 5.17
 6.21
 6.63
 4.76
 5.95
 6.10
 3.08
 6.45
 6.13
 5.59
 5.80
 5.76
 6.57
 5.93
 6.23
 5.77
 6.50
 5.64
 6.30
 5.54
 1.94
 6.18
 5.72
 6.17
 5.31
 6.39
 2.20
 6.09
 5.58
 6.09
 5.93
 5.85
 6.20
 6.15
 5.55
 5.69
 4.43
 5.90
 6.25
 6.11
 6.33
 5.66
 5.91
 6.41
 5.25
 6.51
 6.22
 6.10
 6.44
 6.41
 6.25
 6.13
 4.78
 6.39
 6.21
 6.16
 5.62
 6.36
 5.69
 6.74
 5.94
 4.91
 6.39
 6.55
 4.01
 5.88
 6.08
 6.12
 6.11
 6.18
 7.11
 6.41
 6.36
 5.91
 4.95
 5.65
 5.11
 6.19
 4.76
 6.34
 4.22
 5.44
 4.03
 6.44
 6.18
 6.13
 6.40
 6.56
 5.38
 4.88
 6.14
 6.60
 6.48
 6.00
 6.55
 6.19
 4.61
 6.49
 6.27
 3.11
 5.78
 4.68
 6.22
 4.89
 6.41
 5.12
 6.11
 6.36
 6.22
 5.20
 5.59
 5.15
 3.63
 5.43
 4.32
 6.32
 6.25
 6.49
 6.20
 5.22
 6.22
 4.82
 5.72
 5.47
 5.04
 5.91
 5.05
 5.16
 6.37
 5.97
 5.10
 5.46
 6.51
 6.08
 5.68
 5.80
 3.77
 6.42
 5.96
 5.76
 6.28
 6.06
 6.58
 3.42
 6.45
 6.29
 6.48
 6.08
 5.99
 5.95
 4.51
 5.51
 6.51
 6.22
 1.25
 6.01
 5.67
 6.66
 4.43
 5.39
 6.19
 6.50
 6.47
 5.50
 5.41
 6.49
 4.14
 5.93
 6.15
 4.91
 6.32
 6.38
 4.22
 5.11
 5.78
 5.58
 6.27
 5.14
 4.27
 2.46
 3.77
 4.42
 4.89
 5.58
 6.40
 4.51
 4.92
 3.43
 6.30
 6.28
 6.59
 5.86
 6.33
 4.53
 6.21
 4.90
 6.40
 6.41
 5.05
 5.57
 6.36
 5.52
 6.27
 5.98
 6.33
 6.21
 5.88
 4.84
 6.29
 6.04
 4.11
 6.52
 5.99
 6.33
 5.04
 5.55
 3.65
 5.35
 5.77
 6.33
 4.73
 6.35
 6.24
 6.45
 6.38
 4.59
 6.44
 6.41
 6.44
 6.34
 5.78
 4.78
 5.75
 5.45
 6.66
 5.47
 6.55
 6.56
 5.01
 6.70
 6.05
 5.17
 5.58
 5.70
 6.57
 5.51
 5.39
 6.05
 5.87
 6.37
 5.67
 5.15
 6.63
 5.96
 6.01
 5.81
 5.90
 5.76
 3.94
 6.23
 5.48
 6.11
 5.31
 6.25
 5.23
 5.55
 6.16
 6.66
 5.99
 4.67
 5.61
 6.21
 6.64
 6.05
 5.65
 6.05
 5.94
 4.74
 5.30
 5.51
 6.25
 5.97
 6.58
 5.37
 6.50
 5.16
 6.25
 6.31
 7.31
 5.89
 4.84
 5.68
 6.19
 6.07
 6.48
 5.83
 5.61
 6.42
 6.33
 5.53
 5.68
 6.33
 6.37
 5.76
 6.32
 4.07
 5.18
 5.94
 5.90
 3.72
 4.50
 6.20
 6.12
 6.17
 5.82
 5.21
 6.03
 5.30
 6.34
 4.55
 6.15
 6.25
 5.02
 4.51
 5.59
 6.45
 6.27
 4.69
 6.07
 5.87
 5.83
 6.68
 6.48
 6.63
 5.26
 6.54
 5.73
 6.46
 5.96
 6.54
 5.42
 6.63
 5.91
 7.33
 5.75
 3.20
 6.27
 6.21
 6.77
 5.64
 6.05
 6.38
 6.04
 4.49
 6.12
 6.31
 6.17
 5.24
 5.28
 6.45
 3.72
 3.92
 6.48
 6.39
 6.40
 4.71
 6.46
 5.43
 6.43
 7.05
 4.39
 5.82
 6.40
 4.23
 6.19
 6.00
 4.43
 6.13
 6.56
 5.96
 5.98
 4.82
 6.38
 6.42
 5.00
 6.15
 6.41
 5.83
 6.29
 6.09
 5.87
 5.76
 2.44
 5.82
 5.66
 5.57
 5.68
 4.28
 5.95
 6.04
 6.40
 5.18
 5.60
 4.08
 6.15
 5.99
 6.38
 6.31
 5.16
 6.11
 5.77
 4.22
 6.05
 5.41
 6.38
 5.69
 6.63
 5.49
 6.12
 6.58
 5.71
 6.35
 6.36
 6.47
 6.15
 5.70
 5.34
 6.32
 5.68
 5.49
 5.63
 6.47
 5.51
 6.46
 3.74
 6.13
 6.58
 5.78
 5.60
 5.94
 6.07
 6.39
 6.61
 4.51
 6.50
 5.31
 5.31
 5.41
 6.03
 6.40
 5.80
 6.44
 6.57
 5.93
 6.10
 4.57
 6.12
 5.44
 5.24
 5.29
 5.97
 6.08
 2.91
 6.41
 6.18
 6.43
 5.57
 6.02
 3.23
 5.97
 6.70
 6.32
 6.16
 5.53
 6.41
 5.69
 5.75
 6.40
 6.25
 6.20
 6.47
 5.77
 4.02
 5.73
 3.76
 4.90
 6.11
 6.31
 6.11
 6.15
 4.68
 6.36
 5.53
 6.25
 4.69
 6.18
 5.01
 5.45
 6.28
 6.21
 5.67
 6.33
 6.20
 6.08
 6.16
 6.15
 5.85
 5.10
 3.68
 4.73
 5.29
 5.62
 6.49
 5.18
 5.11
 5.24
 6.01
 5.67
 4.73
 5.30
 6.20
 6.11
 6.09
 6.22
 6.57
 5.88
 6.07
 6.17
 6.30
 5.69
 4.67
 5.99
 6.45
 6.09
 4.34
 5.49
 5.65
 2.39
 4.73
 6.08
 5.09
 6.08
 4.34
 5.94
 4.13
 4.08
 4.56
 6.00
 5.58
 6.40
 5.29
 2.87
 5.58
 5.17
 6.28
 5.01
 5.95
 5.64
 6.54
 6.21
 5.62
 6.17
 5.53
 4.29
 4.23
 6.47
 6.31
 6.12
 5.52
 6.38
 6.29
 6.29
 5.04
 5.29
 6.48
 6.16
 6.17
 5.77
 6.17
 6.89
 5.08
 5.90
 3.01
 5.53
 6.59
 5.08
 5.71
 5.68
 6.15
 5.71
 6.37
 6.19
 6.20
 6.39
 6.41
 5.46
 6.18
 4.40
 6.12
 6.41
 5.80
 6.40
 5.54
 6.13
 5.86
 6.33
 6.42
 6.12
 5.50
 5.95
 6.01
 6.22
 4.91
 6.43
 6.00
 5.42
 4.69
 5.93
 6.59
 5.58
 6.46
 5.60
 5.65
 6.28
 6.35
 6.37
 6.37
 7.10
 6.66
 5.03
 5.54
 4.69
 5.78
 5.80
 6.47
 5.56
 5.60
 5.96
 5.62
 5.30
 4.46
 6.38
 4.84
 2.96
 5.78
 5.29
 4.29
 4.27
 5.70
 6.55
 6.13
 6.44
 6.98
 5.14
 1.74
 5.27
 6.27
 5.11
 6.19
 3.76
 4.50
 6.15
 4.99
 6.39
 5.75
 6.35
 6.37
 5.78
 5.81
 6.43
 6.11
 6.32
 6.14
 5.37
 6.42
 6.44
 4.92
 6.11
 5.58
 3.53
 6.27
 5.46
 6.01
 4.29
 6.18
 6.33
 6.09
 5.78
 6.46
 6.32
 5.95
 6.03
 5.40
 6.17
 3.35
 5.92
 6.39
 4.79
 5.04
 5.58
 5.51
 5.24
 6.37
 5.50
 5.33
 6.30
 6.23
 5.43
 5.35
 5.32
 5.10
 5.89
 5.79
 6.10
 4.49
 4.79
 5.53
 5.10
 5.71
 6.11
 6.21
 6.15
 6.08
 4.19
 6.15
 5.34
 6.17
 4.13
 4.16
 5.79
 5.37
 2.86
 6.37
 5.75
 5.77
 5.88
 6.39
 5.95
 6.34
 6.17
 5.75
 5.37
 5.37
 6.17
 5.29
 5.13
 6.47
 3.84
 6.42
 5.01
 6.62
 4.81
 4.57
 5.62
 6.66
 6.04
 5.78
 6.41
 5.53
 5.93
 5.32
 6.04
 5.78
 5.76
 6.16
 6.22
 6.04
 4.43
 4.66
 4.48
 4.57
 6.29
 6.26
 6.57
 6.35
 5.27
 5.55
 5.75
 6.46
 6.76
 4.79
 5.47
 6.14
 6.57
 5.98
 3.97
 5.47
 4.59
 4.42
 4.11
 5.46
 5.58
 5.95
 5.79
 6.40
 5.48
 6.37
 6.29
 6.56
 6.43
 3.75
 4.36
 4.82
 5.65
 6.40
 4.29
 6.15
 5.83
 4.51
 6.16
 6.14
 4.81
 6.38
 6.35
 3.77
 6.42
 6.32
 5.88
 6.35
 5.89
 5.50
 5.20
 6.23
 5.71
 6.6 
 5.97
 4.02
 6.34
 5.68
 6.28
 5.82
 5.86
 5.73
 6.10
 6.40
 6.29
 6.38
 6.30
 6.30
 5.03
 6.65
 6.23
 4.63
 6.47
 5.08
 5.66
 6.40
 5.82
 6.31
 5.97
 5.21
 4.88
 5.87
 6.21
 5.79
 6.03
 5.19
 4.17
 6.31
 4.15
 5.71
 4.46
 5.93
 3.40
 5.98
 2.10
 6.17
 6.34
 6.07
 5.25
 4.79
 5.90
 5.94
 4.85
 6.45
 6.30
 6.41
 6.12
 4.69
 2.94
 6.43
 6.39
 6.51
 5.95
 4.85
 5.08
 5.51
 6.62
 6.48
 6.25
 6.55
 6.56
 5.35
 6.73
 4.19
 5.76
 3.95
 6.28
 6.37
 5.26
 6.71
 6.34
 5.66
 6.30
 3.49
 6.19
 6.36
 5.90
 4.01
 6.33
 6.54
 6.12
 6.06
 3.48
 5.42
 6.46
 6.19
 5.43
 6.12
 5.92
 6.40
 6.21
 5.97
 3.52
 4.46
 5.60
 5.16
 3.74
 4.94
 6.04
 6.05
 4.74
 5.64
 5.80
 6.46
 6.34
 6.01
 5.81
 3.27
 6.19
 5.56
 5.81
 6.40
 6.12
 6.11
 5.72
 4.90
 5.91
 6.10
 4.21
 6.48
 5.70
 5.74
 6.51
 5.59
 4.95
 6.31
 1.16
 5.49
 6.28
 5.43
 6.13
 6.18
 6.16
 6.37
 5.90
 6.43
 6.33
 5.75
 5.51
 6.07
 5.43
 5.65
 6.29
 6.43
 6.29
 4.12
 4.71
 5.68
 6.21
 5.83
 5.00
 6.60
 5.55
 6.50
 6.28
 6.21
 6.54
 5.94
 6.47
 6.20
 3.62
 6.15
 5.97
 6.57
 5.10
 5.11
 6.39
 5.52
 6.50
 5.79
 6.68
 4.53
 5.37
 2.42
 6.41
 6.74
 6.43
 5.24
 4.65
 2.49
 5.43
 6.14
 6.44
 6.39
 6.12
 4.28
 6.13
 4.47
 5.61
 6.33
 6.30
 5.83
 6.15
 4.52
 4.76
 4.85
 6.02
 5.99
 6.66
 6.11
 5.60
 6.40
 5.33
 5.70
 6.56
 5.40
 6.26
 6.47
 6.41
 6.21
 3.66
 5.87
 5.81
 5.12
 6.42
 4.69
 5.83
 4.41
 3.90
 5.39
 5.70
 6.51
 5.71
 5.94
 5.16
 6.17
 6.80
 6.12
 4.52
 6.35
 5.56
 5.82
 4.22
 5.77
 6.12
 6.31
 6.41
 6.36
 5.55
 4.21
 6.49
 5.66
 5.84
 6.60
 5.92
 6.47
 3.99
 6.33
 5.06
 5.56
 3.69
 5.54
 6.53
 6.13
 6.34
 6.43
 4.39
 5.53
 4.85
 6.48
 5.49
 4.41
 6.02
 4.98
 5.08
 6.38
 5.55
 5.93
 6.50
 6.37
 4.75
 6.32
 5.44
 6.32
 5.79
 6.05
 5.05
 6.17
 4.60
 6.45
 5.59
 5.64
 6.13
 5.77
 6.39
 5.32
 6.62
 6.09
 5.20
 6.29
 3.97
 5.08
 5.56
 6.15
 6.10
 6.31
 5.75
 6.69
 6.19
 5.59
 6.72
 5.57
 4.98
 4.40
 4.39
 5.52
 6.45
 5.63
 6.20
 4.94
 6.25
 5.75
 6.32
 5.98
 4.28
 6.37
 5.60
 5.68
 6.43
 6.18
 6.35
 4.55
 6.25
 6.17
 4.91
 6.05
 6.39
 6.02
 5.22
 6.49
 6.29
 6.41
 6.38
 5.81
 6.65
 4.37
 5.58
 4.71
 5.32
 6.24
 6.06
 4.98
 5.87
 7.4 
 5.96
 5.59
 5.63
 4.71
 6.18
 6.39
 5.84
 6.45
 5.68
 6.35
 6.52
 6.00
 5.65
 4.74
 6.26
 3.82
 5.80
 5.53
 6.58
 4.29
 6.09
 5.30
 5.00
 4.13
 5.97
 5.95
 5.98
 6.53
 3.21
 5.31
 4.14
 6.23
 6.60
 5.89
 5.34
 6.26
 4.82
 5.89
 4.50
 6.24
 6.57
 5.28
 4.49
 6.56
 6.40
 5.06
 6.36
 6.09
 6.07
 5.75
 5.72
 4.93
 5.24
 6.17
 6.51
 6.31
 5.29
 4.95
 5.04
 5.95
 5.18
 6.89
 4.87
 5.73
 5.51
 6.07
 5.49
 5.04
 6.07
 6.46
 4.57
 6.41
 5.43
 6.34
 6.33
 6.24
 5.77
 6.59
 5.90
 5.97
 6.42
 5.94
 6.44
 5.72
 5.79
 5.18
 5.11
 5.55
 6.55
 6.11
 5.08
 5.87
 6.39
 5.30
 5.75
 5.93
 6.28
 6.24
 6.35
 4.54
 6.03
 5.61
 6.21
 6.10
 6.83
 6.54
 6.00
 6.00
 6.31
 6.15
 6.59
 5.97
 6.26
 5.55
 5.97
 5.73
 5.00
 6.47
 4.66
 6.26
 4.8 
 4.86
 6.52
 5.13
 6.54
 4.88
 4.01
 5.62
 6.58
 6.58
 4.50
 6.29
 6.46
 6.19
 6.38
 5.71
 5.53
 6.22
 4.78
 5.55
 6.25
 5.10
 5.75
 4.41
 7.1 
 5.01
 6.32
 5.63
 5.86
 6.25
 6.44
 6.24
 4.55
 6.29
 5.88
 5.78
 6.40
 4.94
 5.67
 6.01
 7.31
 6.12
 5.59
 6.25
 5.80
