  15
  21
  25
  26
  63
  74
  98
  99
 100
 114
 153
 163
 165
 168
 180
 188
 197
 205
 219
 220
 234
 265
 269
 285
 322
 334
 337
 382
 402
 403
 439
 440
 442
 461
 472
 509
 520
 539
 545
 553
 566
 569
 580
 585
 591
 603
 613
 617
 623
 669
 674
 718
 789
 794
 804
 834
 854
 874
 890
 897
 915
 918
 937
 969
 994
1004
1008
1017
1030
1038
1052
1084
1088
1122
1135
1136
1162
1175
1203
1208
1220
1231
1326
1336
1338
1346
1347
1373
1380
1389
1393
1394
1409
1411
1412
1427
1444
1464
1465
1473
1479
1481
1551
1560
1577
1617
1621
1628
1654
1666
1696
1705
1708
1713
1735
1756
1762
1765
1770
1789
1790
1791
1810
1811
1829
1834
1839
1855
1862
1865
1876
1879
1892
1899
1928
1931
1937
1948
1952
1956
1983
1996
1998
2004
2020
2035
2040
2056
2095
2106
2120
2128
2155
2227
2244
2260
2282
2294
2296
2326
2343
2361
2421
2429
2435
2443
2451
2473
2478
2480
2484
2491
2533
2550
2553
2564
2571
2590
2609
2618
2619
2646
2653
2657
2693
2736
2773
2782
2803
2827
2878
2890
2905
2922
2943
2944
2948
2961
2970
2985
2990
2996
3017
3024
3034
3045
3059
3080
3089
3090
3102
3116
3117
3159
3165
3192
3204
3207
3226
3249
3270
3283
3306
3307
3314
3330
3347
3438
3442
3445
3454
3457
3466
3467
3468
3476
3482
3485
3487
3492
3547
3571
3574
3614
3615
3659
3663
3685
3690
3705
3734
3748
3753
3773
3775
3786
3803
3825
3845
3856
3873
3890
3905
3940
3975
3980
3982
3994
4023
4033
4037
4050
4069
4094
4102
4114
4132
4167
4171
4199
4216
4232
4246
4248
4257
4287
4295
4300
4301
4335
4357
4362
4382
4390
4392
4401
4450
4467
4520
4521
4534
4537
4540
4549
4554
4599
4603
4623
4630
4638
4656
4662
4679
4689
4700
4730
4743
4757
4763
4773
4786
4798
4802
4819
4825
4844
4848
4897
4898
4910
4923
4932
4983
4993
5020
5028
5035
5054
5089
5107
5132
5153
5168
5185
5190
5191
5200
5201
5210
5216
5221
5231
5235
5248
5249
5264
5267
5285
5287
5288
5340
5354
5367
5378
5404
5425
5430
5447
5459
5460
5463
5469
5470
5471
5487
5506
5511
5531
5543
5563
5571
5576
5649
5671
5681
5685
5695
5705
5708
5714
5728
5735
5744
5747
5771
5776
5787
5794
5812
5849
5854
5868
5881
5883
5885
5892
5897
5904
5928
5944
5948
5953
5968
5984
5986
5993
5997
6030
6056
6075
6095
6102
6129
6132
6148
6152
6165
6166
6175
6212
6217
6220
6223
6229
6241
6252
6271
6285
6295
6353
6378
6380
6396
6418
6436
6446
6453
6461
6462
6484
6500
6508
6527
6536
6537
6553
6556
6561
6566
6580
6582
6588
6596
6603
6615
6623
6629
6630
6684
6698
6705
6743
6746
6789
6832
6850
6859
6865
6869
6879
6897
6913
6941
6945
6973
7001
7013
7039
7069
7121
7150
7180
7194
7217
7234
7236
7264
7304
7310
7337
7340
7348
7371
7405
7406
7446
7462
7469
7478
7479
7525
7528
7546
7557
7560
7565
7569
7582
7590
7595
7602
7635
7665
7672
7679
7710
7747
7754
7759
7773
7776
7790
7796
7822
7852
7866
7869
7882
7906
7913
7924
7942
7949
7950
7956
7957
7977
7984
7986
8001
8003
8005
8028
8035
8049
8079
8089
8115
8123
8162
8199
8204
8232
8254
8264
8278
8305
8339
8351
8353
8390
8414
8418
8425
8431
8465
8469
8479
8494
8502
8518
8556
8558
8621
8628
8641
8650
8663
8665
8675
8684
8695
8709
8717
8720
8728
8729
8767
8781
8812
8820
8848
8852
8863
8892
8974
8976
9008
9084
