   1.5000000e+01   5.5524481e-01   6.1542253e-01   1.0000000e+00
   2.1000000e+01   7.7587071e-01   8.0922409e-01   1.0000000e+00
   2.5000000e+01   1.0000000e+00   9.4179806e-01   7.2174748e-01
   2.6000000e+01   5.6785557e-01   6.2359177e-01   1.0000000e+00
   6.3000000e+01   6.1524994e-01   6.6841302e-01   1.0000000e+00
   7.4000000e+01   1.0000000e+00   9.1937863e-01   6.2600538e-01
   9.8000000e+01   9.9726078e-01   9.9853427e-01   1.0000000e+00
   9.9000000e+01   1.0000000e+00   9.3528903e-01   6.8146551e-01
   1.0000000e+02   6.7380450e-01   7.2232520e-01   1.0000000e+00
   1.1400000e+02   7.3944216e-01   7.7501957e-01   1.0000000e+00
   1.5300000e+02   5.1732437e-01   5.8005020e-01   1.0000000e+00
   1.6300000e+02   1.0000000e+00   9.5940706e-01   7.9831144e-01
   1.6500000e+02   1.0000000e+00   9.0433675e-01   5.7808561e-01
   1.6800000e+02   1.0000000e+00   9.3249503e-01   6.4625018e-01
   1.8000000e+02   1.0000000e+00   9.4565702e-01   7.5113429e-01
   1.8800000e+02   1.0000000e+00   9.4521434e-01   7.3016749e-01
   1.9700000e+02   7.8912732e-01   8.1850537e-01   1.0000000e+00
   2.0500000e+02   5.7715962e-01   6.3133524e-01   1.0000000e+00
   2.1900000e+02   9.8059681e-01   9.8018416e-01   1.0000000e+00
   2.2000000e+02   5.6885171e-01   6.2639096e-01   1.0000000e+00
   2.3400000e+02   6.0328298e-01   6.5301241e-01   1.0000000e+00
   2.6500000e+02   1.0000000e+00   9.5020887e-01   7.5108465e-01
   2.6900000e+02   6.5973847e-01   7.1099402e-01   1.0000000e+00
   2.8500000e+02   1.0000000e+00   9.1780049e-01   6.0750615e-01
   3.2200000e+02   1.0000000e+00   9.5959366e-01   8.0552595e-01
   3.3400000e+02   1.0000000e+00   9.1968612e-01   6.4728514e-01
   3.3700000e+02   1.0000000e+00   8.6250930e-01   4.3542170e-01
   3.8200000e+02   1.0000000e+00   9.7903180e-01   9.1713812e-01
   4.0200000e+02   1.0000000e+00   9.3689753e-01   6.9938674e-01
   4.0300000e+02   6.5409729e-01   7.0529816e-01   1.0000000e+00
   4.3900000e+02   1.0000000e+00   8.4811986e-01   4.4204491e-01
   4.4000000e+02   1.0000000e+00   9.5314056e-01   7.5693962e-01
   4.4200000e+02   1.0000000e+00   9.4985825e-01   7.4187072e-01
   4.6100000e+02   1.0000000e+00   8.9583383e-01   5.2498536e-01
   4.7200000e+02   5.2605956e-01   5.8953611e-01   1.0000000e+00
   5.0900000e+02   1.0000000e+00   9.7773055e-01   9.1968632e-01
   5.2000000e+02   5.9833271e-01   6.5418467e-01   1.0000000e+00
   5.3900000e+02   1.0000000e+00   9.2901074e-01   6.6577555e-01
   5.4500000e+02   5.7094674e-01   6.2901013e-01   1.0000000e+00
   5.5300000e+02   6.5301790e-01   7.0651804e-01   1.0000000e+00
   5.6600000e+02   1.0000000e+00   9.6520986e-01   8.3877154e-01
   5.6900000e+02   7.4921533e-01   7.8718849e-01   1.0000000e+00
   5.8000000e+02   6.0000806e-01   6.5587162e-01   1.0000000e+00
   5.8500000e+02   1.0000000e+00   8.5565067e-01   4.3900747e-01
   5.9100000e+02   7.4310418e-01   7.8285187e-01   1.0000000e+00
   6.0300000e+02   1.0000000e+00   9.1035915e-01   6.0331433e-01
   6.1300000e+02   6.5269288e-01   7.0184736e-01   1.0000000e+00
   6.1700000e+02   1.0000000e+00   9.1906487e-01   6.2418707e-01
   6.2300000e+02   8.0111936e-01   8.2878096e-01   1.0000000e+00
   6.6900000e+02   6.0048419e-01   6.5597303e-01   1.0000000e+00
   6.7400000e+02   5.4483862e-01   6.0640249e-01   1.0000000e+00
   7.1800000e+02   5.7400132e-01   6.3294093e-01   1.0000000e+00
   7.8900000e+02   6.2037529e-01   6.7581149e-01   1.0000000e+00
   7.9400000e+02   1.0000000e+00   9.4170111e-01   7.2132183e-01
   8.0400000e+02   6.3075777e-01   6.8490034e-01   1.0000000e+00
   8.3400000e+02   1.0000000e+00   8.5383777e-01   3.9940902e-01
   8.5400000e+02   1.0000000e+00   9.8010150e-01   9.0552169e-01
   8.7400000e+02   1.0000000e+00   9.3065970e-01   6.7993203e-01
   8.9000000e+02   5.8417064e-01   6.4437726e-01   1.0000000e+00
   8.9700000e+02   6.5135725e-01   7.0254549e-01   1.0000000e+00
   9.1500000e+02   1.0000000e+00   9.8167214e-01   9.2787628e-01
   9.1800000e+02   1.0000000e+00   9.4698610e-01   7.3153246e-01
   9.3700000e+02   9.6958481e-01   9.7162176e-01   1.0000000e+00
   9.6900000e+02   1.0000000e+00   9.2997011e-01   6.5363631e-01
   9.9400000e+02   1.0000000e+00   9.5719530e-01   7.9058649e-01
   1.0040000e+03   1.0000000e+00   8.6019282e-01   4.0996000e-01
   1.0080000e+03   1.0000000e+00   9.7942689e-01   9.2086496e-01
   1.0170000e+03   8.8470943e-01   9.0211990e-01   1.0000000e+00
   1.0300000e+03   1.0000000e+00   9.6736658e-01   8.1746767e-01
   1.0380000e+03   5.6176581e-01   6.1994521e-01   1.0000000e+00
   1.0520000e+03   1.0000000e+00   8.8278255e-01   5.1892733e-01
   1.0840000e+03   1.0000000e+00   9.5342688e-01   8.2105728e-01
   1.0880000e+03   5.4894533e-01   6.0980824e-01   1.0000000e+00
   1.1220000e+03   5.4830703e-01   6.0992627e-01   1.0000000e+00
   1.1350000e+03   8.4537106e-01   8.6360481e-01   1.0000000e+00
   1.1360000e+03   1.0000000e+00   9.5230294e-01   7.8857280e-01
   1.1620000e+03   1.0000000e+00   8.5531519e-01   4.1210484e-01
   1.1750000e+03   1.0000000e+00   9.3064547e-01   6.8632887e-01
   1.2030000e+03   6.7534948e-01   7.2527005e-01   1.0000000e+00
   1.2080000e+03   1.0000000e+00   8.6124831e-01   4.3398412e-01
   1.2200000e+03   5.3023943e-01   5.9462341e-01   1.0000000e+00
   1.2310000e+03   1.0000000e+00   8.5957943e-01   4.3267448e-01
   1.3260000e+03   1.0000000e+00   9.3269536e-01   7.0267018e-01
   1.3360000e+03   1.0000000e+00   9.6605762e-01   8.1202521e-01
   1.3380000e+03   7.7214250e-01   8.0667190e-01   1.0000000e+00
   1.3460000e+03   1.0000000e+00   9.5107836e-01   7.5067679e-01
   1.3470000e+03   5.4960371e-01   6.1026669e-01   1.0000000e+00
   1.3730000e+03   1.0000000e+00   9.5348804e-01   7.4608453e-01
   1.3800000e+03   6.7720248e-01   7.2389290e-01   1.0000000e+00
   1.3890000e+03   6.3231035e-01   6.8484242e-01   1.0000000e+00
   1.3930000e+03   1.0000000e+00   8.7775495e-01   4.9501252e-01
   1.3940000e+03   7.3150542e-01   7.6982532e-01   1.0000000e+00
   1.4090000e+03   1.0000000e+00   9.4565107e-01   7.2761103e-01
   1.4110000e+03   1.0000000e+00   9.5351802e-01   7.6692785e-01
   1.4120000e+03   6.8666075e-01   7.3280137e-01   1.0000000e+00
   1.4270000e+03   1.0000000e+00   9.2164310e-01   6.4153119e-01
   1.4440000e+03   7.2478065e-01   7.6513654e-01   1.0000000e+00
   1.4640000e+03   1.0000000e+00   9.6213134e-01   7.8197614e-01
   1.4650000e+03   5.5699362e-01   6.1814525e-01   1.0000000e+00
   1.4730000e+03   6.5478332e-01   7.0631973e-01   1.0000000e+00
   1.4790000e+03   6.7180178e-01   7.1874725e-01   1.0000000e+00
   1.4810000e+03   1.0000000e+00   9.2859542e-01   6.8638990e-01
   1.5510000e+03   1.0000000e+00   8.8142829e-01   4.9769589e-01
   1.5600000e+03   7.3748721e-01   7.7499069e-01   1.0000000e+00
   1.5770000e+03   1.0000000e+00   8.7731663e-01   4.6279934e-01
   1.6170000e+03   5.2846414e-01   5.8970469e-01   1.0000000e+00
   1.6210000e+03   5.8406163e-01   6.4427004e-01   1.0000000e+00
   1.6280000e+03   1.0000000e+00   9.4124448e-01   6.9272362e-01
   1.6540000e+03   1.0000000e+00   8.7370608e-01   4.9581901e-01
   1.6660000e+03   6.5544269e-01   7.0686168e-01   1.0000000e+00
   1.6960000e+03   5.5656301e-01   6.1618557e-01   1.0000000e+00
   1.7050000e+03   5.6032005e-01   6.2043642e-01   1.0000000e+00
   1.7080000e+03   1.0000000e+00   9.7415337e-01   8.7366673e-01
   1.7130000e+03   6.0323884e-01   6.5900964e-01   1.0000000e+00
   1.7350000e+03   5.5437195e-01   6.1610398e-01   1.0000000e+00
   1.7560000e+03   5.0376895e-01   5.6804378e-01   1.0000000e+00
   1.7620000e+03   5.8160628e-01   6.3923826e-01   1.0000000e+00
   1.7650000e+03   5.3514588e-01   5.9742322e-01   1.0000000e+00
   1.7700000e+03   5.3877643e-01   5.9861073e-01   1.0000000e+00
   1.7890000e+03   5.2523563e-01   5.8896761e-01   1.0000000e+00
   1.7900000e+03   5.1698161e-01   5.8143842e-01   1.0000000e+00
   1.7910000e+03   5.4488688e-01   6.0587182e-01   1.0000000e+00
   1.8100000e+03   5.4458865e-01   6.0708221e-01   1.0000000e+00
   1.8110000e+03   5.1608519e-01   5.8031732e-01   1.0000000e+00
   1.8290000e+03   1.0000000e+00   9.7393577e-01   8.7019709e-01
   1.8340000e+03   1.0000000e+00   8.5351124e-01   4.3260121e-01
   1.8390000e+03   5.3422183e-01   5.9513392e-01   1.0000000e+00
   1.8550000e+03   5.0645203e-01   5.6922396e-01   1.0000000e+00
   1.8620000e+03   1.0000000e+00   9.3150138e-01   6.5717005e-01
   1.8650000e+03   7.0862016e-01   7.5195600e-01   1.0000000e+00
   1.8760000e+03   5.4669877e-01   6.0868083e-01   1.0000000e+00
   1.8790000e+03   5.4306354e-01   6.0265167e-01   1.0000000e+00
   1.8920000e+03   5.2874065e-01   5.9160347e-01   1.0000000e+00
   1.8990000e+03   5.0777587e-01   5.7266451e-01   1.0000000e+00
   1.9280000e+03   5.3640360e-01   5.9823377e-01   1.0000000e+00
   1.9310000e+03   5.1391600e-01   5.7743909e-01   1.0000000e+00
   1.9370000e+03   6.5935037e-01   7.0901180e-01   1.0000000e+00
   1.9480000e+03   5.2416448e-01   5.8673266e-01   1.0000000e+00
   1.9520000e+03   5.1972074e-01   5.8332207e-01   1.0000000e+00
   1.9560000e+03   5.5300131e-01   6.1340760e-01   1.0000000e+00
   1.9830000e+03   8.8652044e-01   9.0490079e-01   1.0000000e+00
   1.9960000e+03   4.9836332e-01   5.6206392e-01   1.0000000e+00
   1.9980000e+03   6.3855516e-01   6.9292490e-01   1.0000000e+00
   2.0040000e+03   5.3538331e-01   5.9744462e-01   1.0000000e+00
   2.0200000e+03   6.7025179e-01   7.2027725e-01   1.0000000e+00
   2.0350000e+03   1.0000000e+00   9.5036980e-01   7.4304424e-01
   2.0400000e+03   1.0000000e+00   9.2598487e-01   6.5563434e-01
   2.0560000e+03   5.3553150e-01   5.9763554e-01   1.0000000e+00
   2.0950000e+03   5.6014204e-01   6.1792066e-01   1.0000000e+00
   2.1060000e+03   5.2856558e-01   5.9096997e-01   1.0000000e+00
   2.1200000e+03   1.0000000e+00   9.3694845e-01   6.7146143e-01
   2.1280000e+03   5.5580757e-01   6.1636060e-01   1.0000000e+00
   2.1550000e+03   6.0865879e-01   6.6255525e-01   1.0000000e+00
   2.2270000e+03   1.0000000e+00   9.0638618e-01   5.7012099e-01
   2.2440000e+03   5.7215038e-01   6.3074546e-01   1.0000000e+00
   2.2600000e+03   1.0000000e+00   9.0954383e-01   5.7649333e-01
   2.2820000e+03   5.2075803e-01   5.8483715e-01   1.0000000e+00
   2.2940000e+03   5.1354415e-01   5.7860911e-01   1.0000000e+00
   2.2960000e+03   1.0000000e+00   9.6893570e-01   8.3150278e-01
   2.3260000e+03   6.7449460e-01   7.2146206e-01   1.0000000e+00
   2.3430000e+03   5.4671132e-01   6.0719865e-01   1.0000000e+00
   2.3610000e+03   5.3179021e-01   5.9395482e-01   1.0000000e+00
   2.4210000e+03   5.9240664e-01   6.5011449e-01   1.0000000e+00
   2.4290000e+03   1.0000000e+00   9.3930772e-01   7.1310043e-01
   2.4350000e+03   6.0337440e-01   6.5738455e-01   1.0000000e+00
   2.4430000e+03   1.0000000e+00   9.1289980e-01   5.9710249e-01
   2.4510000e+03   5.5608332e-01   6.1563230e-01   1.0000000e+00
   2.4730000e+03   1.0000000e+00   9.0337975e-01   5.2588054e-01
   2.4780000e+03   1.0000000e+00   9.1781907e-01   6.3036485e-01
   2.4800000e+03   1.0000000e+00   8.7948199e-01   5.2308396e-01
   2.4840000e+03   8.6362448e-01   8.8403180e-01   1.0000000e+00
   2.4910000e+03   5.7141329e-01   6.3150073e-01   1.0000000e+00
   2.5330000e+03   1.0000000e+00   8.7931428e-01   5.2807988e-01
   2.5500000e+03   7.0105832e-01   7.4594882e-01   1.0000000e+00
   2.5530000e+03   1.0000000e+00   9.2561838e-01   6.3449548e-01
   2.5640000e+03   7.7244585e-01   8.0182999e-01   1.0000000e+00
   2.5710000e+03   5.1705184e-01   5.8271559e-01   1.0000000e+00
   2.5900000e+03   8.1069257e-01   8.3707159e-01   1.0000000e+00
   2.6090000e+03   1.0000000e+00   8.5407003e-01   4.1665420e-01
   2.6180000e+03   5.1838423e-01   5.8165335e-01   1.0000000e+00
   2.6190000e+03   5.3359668e-01   5.9518393e-01   1.0000000e+00
   2.6460000e+03   1.0000000e+00   8.4793725e-01   3.8588796e-01
   2.6530000e+03   5.7369562e-01   6.3698220e-01   1.0000000e+00
   2.6570000e+03   5.5376183e-01   6.1405297e-01   1.0000000e+00
   2.6930000e+03   9.9836939e-01   1.0000000e+00   9.8763903e-01
   2.7360000e+03   1.0000000e+00   9.5910613e-01   8.1115622e-01
   2.7730000e+03   1.0000000e+00   8.5979964e-01   4.2018183e-01
   2.7820000e+03   5.3246540e-01   5.9167663e-01   1.0000000e+00
   2.8030000e+03   1.0000000e+00   9.7854960e-01   9.0949355e-01
   2.8270000e+03   5.7126360e-01   6.3420448e-01   1.0000000e+00
   2.8780000e+03   1.0000000e+00   8.6891569e-01   4.5233159e-01
   2.8900000e+03   6.0257935e-01   6.5927425e-01   1.0000000e+00
   2.9050000e+03   1.0000000e+00   8.6484793e-01   4.4970363e-01
   2.9220000e+03   5.4574437e-01   6.0796322e-01   1.0000000e+00
   2.9430000e+03   8.3176367e-01   8.5757911e-01   1.0000000e+00
   2.9440000e+03   5.6305149e-01   6.2229250e-01   1.0000000e+00
   2.9480000e+03   5.3339063e-01   5.9410586e-01   1.0000000e+00
   2.9610000e+03   5.3106197e-01   5.9749878e-01   1.0000000e+00
   2.9700000e+03   1.0000000e+00   9.4905932e-01   7.4493671e-01
   2.9850000e+03   1.0000000e+00   9.6280911e-01   7.8631339e-01
   2.9900000e+03   1.0000000e+00   9.5105233e-01   7.4849921e-01
   2.9960000e+03   7.2138728e-01   7.6285397e-01   1.0000000e+00
   3.0170000e+03   1.0000000e+00   8.4044324e-01   3.7489171e-01
   3.0240000e+03   1.0000000e+00   9.4800984e-01   7.3293525e-01
   3.0340000e+03   5.9708670e-01   6.4855410e-01   1.0000000e+00
   3.0450000e+03   1.0000000e+00   9.2346926e-01   6.1086129e-01
   3.0590000e+03   5.6029346e-01   6.1961809e-01   1.0000000e+00
   3.0800000e+03   1.0000000e+00   9.4428768e-01   7.3100759e-01
   3.0890000e+03   5.0671031e-01   5.7184606e-01   1.0000000e+00
   3.0900000e+03   5.5572359e-01   6.1599621e-01   1.0000000e+00
   3.1020000e+03   1.0000000e+00   9.8409081e-01   9.2409073e-01
   3.1160000e+03   5.3253853e-01   5.9366970e-01   1.0000000e+00
   3.1170000e+03   5.3240026e-01   5.9495416e-01   1.0000000e+00
   3.1590000e+03   5.5209320e-01   6.1395402e-01   1.0000000e+00
   3.1650000e+03   4.9935335e-01   5.6272564e-01   1.0000000e+00
   3.1920000e+03   5.3551574e-01   5.9724247e-01   1.0000000e+00
   3.2040000e+03   5.3183737e-01   5.9374036e-01   1.0000000e+00
   3.2070000e+03   4.9974194e-01   5.5448839e-01   1.0000000e+00
   3.2260000e+03   7.0504215e-01   7.4919482e-01   1.0000000e+00
   3.2490000e+03   1.0000000e+00   8.7524657e-01   4.7532530e-01
   3.2700000e+03   6.9945589e-01   7.4460023e-01   1.0000000e+00
   3.2830000e+03   5.2365246e-01   5.8717210e-01   1.0000000e+00
   3.3060000e+03   1.0000000e+00   9.6243847e-01   8.0658056e-01
   3.3070000e+03   1.0000000e+00   8.7757192e-01   5.2185992e-01
   3.3140000e+03   5.8469882e-01   6.4563587e-01   1.0000000e+00
   3.3300000e+03   5.2639336e-01   5.9132739e-01   1.0000000e+00
   3.3470000e+03   1.0000000e+00   9.2873815e-01   6.7439927e-01
   3.4380000e+03   1.0000000e+00   9.6776185e-01   8.1093470e-01
   3.4420000e+03   5.4319368e-01   6.0210570e-01   1.0000000e+00
   3.4450000e+03   1.0000000e+00   9.7794811e-01   8.9922964e-01
   3.4540000e+03   5.2199473e-01   5.8462882e-01   1.0000000e+00
   3.4570000e+03   5.5704485e-01   6.1612760e-01   1.0000000e+00
   3.4660000e+03   5.3544134e-01   5.9249066e-01   1.0000000e+00
   3.4670000e+03   5.3134762e-01   5.9347344e-01   1.0000000e+00
   3.4680000e+03   5.2795056e-01   5.9261071e-01   1.0000000e+00
   3.4760000e+03   5.3203719e-01   5.9342792e-01   1.0000000e+00
   3.4820000e+03   1.0000000e+00   9.8740724e-01   9.5209307e-01
   3.4850000e+03   6.1440726e-01   6.7220453e-01   1.0000000e+00
   3.4870000e+03   6.0880662e-01   6.6514706e-01   1.0000000e+00
   3.4920000e+03   5.8082842e-01   6.3859432e-01   1.0000000e+00
   3.5470000e+03   1.0000000e+00   9.5514176e-01   7.5340147e-01
   3.5710000e+03   5.5626204e-01   6.1925917e-01   1.0000000e+00
   3.5740000e+03   5.4453757e-01   6.0763201e-01   1.0000000e+00
   3.6140000e+03   1.0000000e+00   9.2596072e-01   6.4132138e-01
   3.6150000e+03   6.5621247e-01   7.0948298e-01   1.0000000e+00
   3.6590000e+03   5.2709317e-01   5.8928012e-01   1.0000000e+00
   3.6630000e+03   5.2716472e-01   5.9200946e-01   1.0000000e+00
   3.6850000e+03   6.0245321e-01   6.5986864e-01   1.0000000e+00
   3.6900000e+03   6.2837029e-01   6.8061488e-01   1.0000000e+00
   3.7050000e+03   1.0000000e+00   8.6101535e-01   4.3767433e-01
   3.7340000e+03   5.2231377e-01   5.8637293e-01   1.0000000e+00
   3.7480000e+03   1.0000000e+00   8.8561208e-01   5.0549916e-01
   3.7530000e+03   5.5439014e-01   6.1126126e-01   1.0000000e+00
   3.7730000e+03   1.0000000e+00   8.5919494e-01   4.5200277e-01
   3.7750000e+03   8.9293427e-01   9.1058422e-01   1.0000000e+00
   3.7860000e+03   7.9256591e-01   8.2592767e-01   1.0000000e+00
   3.8030000e+03   1.0000000e+00   8.6791072e-01   4.6215513e-01
   3.8250000e+03   6.2507596e-01   6.7750491e-01   1.0000000e+00
   3.8450000e+03   1.0000000e+00   9.0283539e-01   5.7335782e-01
   3.8560000e+03   5.6354173e-01   6.2370358e-01   1.0000000e+00
   3.8730000e+03   1.0000000e+00   9.7692395e-01   8.5758557e-01
   3.8900000e+03   7.5616763e-01   7.9249759e-01   1.0000000e+00
   3.9050000e+03   1.0000000e+00   9.1203507e-01   6.1236657e-01
   3.9400000e+03   5.6529864e-01   6.2565966e-01   1.0000000e+00
   3.9750000e+03   5.9708618e-01   6.5325281e-01   1.0000000e+00
   3.9800000e+03   1.0000000e+00   8.7980649e-01   5.1166204e-01
   3.9820000e+03   5.5058186e-01   6.1182389e-01   1.0000000e+00
   3.9940000e+03   1.0000000e+00   9.5115299e-01   7.5320018e-01
   4.0230000e+03   6.1058719e-01   6.6978230e-01   1.0000000e+00
   4.0330000e+03   5.9859591e-01   6.5736751e-01   1.0000000e+00
   4.0370000e+03   5.6123845e-01   6.2030207e-01   1.0000000e+00
   4.0500000e+03   1.0000000e+00   8.7561131e-01   4.5415311e-01
   4.0690000e+03   1.0000000e+00   8.6075884e-01   4.3709028e-01
   4.0940000e+03   1.0000000e+00   8.7490942e-01   4.9490169e-01
   4.1020000e+03   7.9588578e-01   8.2917307e-01   1.0000000e+00
   4.1140000e+03   7.5410776e-01   7.9126388e-01   1.0000000e+00
   4.1320000e+03   6.9249099e-01   7.3974853e-01   1.0000000e+00
   4.1670000e+03   7.5141146e-01   7.9144006e-01   1.0000000e+00
   4.1710000e+03   1.0000000e+00   9.6045041e-01   8.3333271e-01
   4.1990000e+03   5.1099663e-01   5.7603982e-01   1.0000000e+00
   4.2160000e+03   1.0000000e+00   9.6370232e-01   7.9841957e-01
   4.2320000e+03   1.0000000e+00   9.1156448e-01   5.9454200e-01
   4.2460000e+03   1.0000000e+00   8.9399490e-01   5.4508227e-01
   4.2480000e+03   5.7454682e-01   6.3383967e-01   1.0000000e+00
   4.2570000e+03   1.0000000e+00   9.5683123e-01   7.9671116e-01
   4.2870000e+03   8.8669864e-01   1.0000000e+00   5.7105059e-02
   4.2950000e+03   5.8826019e-01   6.4808263e-01   1.0000000e+00
   4.3000000e+03   6.0332284e-01   6.5869366e-01   1.0000000e+00
   4.3010000e+03   1.0000000e+00   9.3948961e-01   6.8335392e-01
   4.3350000e+03   1.0000000e+00   9.3144254e-01   6.5006137e-01
   4.3570000e+03   6.5431767e-01   7.0788986e-01   1.0000000e+00
   4.3620000e+03   1.0000000e+00   8.6094863e-01   4.2153885e-01
   4.3820000e+03   1.0000000e+00   9.3560745e-01   6.8417799e-01
   4.3900000e+03   5.3500022e-01   5.9717305e-01   1.0000000e+00
   4.3920000e+03   1.0000000e+00   9.5379406e-01   7.5280228e-01
   4.4010000e+03   5.5834355e-01   6.1776557e-01   1.0000000e+00
   4.4500000e+03   1.0000000e+00   9.5932618e-01   7.9145048e-01
   4.4670000e+03   5.8468803e-01   6.4576405e-01   1.0000000e+00
   4.5200000e+03   6.7063595e-01   7.1836793e-01   1.0000000e+00
   4.5210000e+03   1.0000000e+00   9.0600542e-01   5.9781541e-01
   4.5340000e+03   6.3072134e-01   6.8643189e-01   1.0000000e+00
   4.5370000e+03   5.3717456e-01   5.9569395e-01   1.0000000e+00
   4.5400000e+03   9.4667196e-01   9.5489979e-01   1.0000000e+00
   4.5490000e+03   5.4187959e-01   6.0496490e-01   1.0000000e+00
   4.5540000e+03   5.8503207e-01   6.4467533e-01   1.0000000e+00
   4.5990000e+03   7.5911919e-01   7.9433096e-01   1.0000000e+00
   4.6030000e+03   5.7122926e-01   6.2867787e-01   1.0000000e+00
   4.6230000e+03   7.7078279e-01   8.0515250e-01   1.0000000e+00
   4.6300000e+03   1.0000000e+00   9.0499775e-01   5.6177307e-01
   4.6380000e+03   5.3453247e-01   5.9682392e-01   1.0000000e+00
   4.6560000e+03   5.0782614e-01   5.7233561e-01   1.0000000e+00
   4.6620000e+03   5.5476967e-01   6.1554027e-01   1.0000000e+00
   4.6790000e+03   5.2721919e-01   5.9056343e-01   1.0000000e+00
   4.6890000e+03   6.0641110e-01   6.6388579e-01   1.0000000e+00
   4.7000000e+03   1.0000000e+00   8.8956624e-01   5.1597061e-01
   4.7300000e+03   5.0479198e-01   5.6930923e-01   1.0000000e+00
   4.7430000e+03   5.1868531e-01   5.8347620e-01   1.0000000e+00
   4.7570000e+03   5.7965369e-01   6.3939854e-01   1.0000000e+00
   4.7630000e+03   1.0000000e+00   8.7334944e-01   4.4812114e-01
   4.7730000e+03   5.3319860e-01   5.9462537e-01   1.0000000e+00
   4.7860000e+03   1.0000000e+00   9.6838432e-01   8.2187484e-01
   4.7980000e+03   5.1473119e-01   5.7938513e-01   1.0000000e+00
   4.8020000e+03   6.1166785e-01   6.6963754e-01   1.0000000e+00
   4.8190000e+03   5.8365653e-01   6.4281726e-01   1.0000000e+00
   4.8250000e+03   7.9502269e-01   8.2588013e-01   1.0000000e+00
   4.8440000e+03   5.1949039e-01   5.8303527e-01   1.0000000e+00
   4.8480000e+03   5.3704692e-01   5.9934218e-01   1.0000000e+00
   4.8970000e+03   5.4468266e-01   6.0746247e-01   1.0000000e+00
   4.8980000e+03   5.2428995e-01   5.8525092e-01   1.0000000e+00
   4.9100000e+03   1.0000000e+00   8.7631585e-01   4.2634110e-01
   4.9230000e+03   1.0000000e+00   9.2173611e-01   6.5849091e-01
   4.9320000e+03   1.0000000e+00   9.6146559e-01   7.8610757e-01
   4.9830000e+03   9.5900403e-01   9.6538126e-01   1.0000000e+00
   4.9930000e+03   5.5335136e-01   6.0793950e-01   1.0000000e+00
   5.0200000e+03   1.0000000e+00   9.6540607e-01   7.9558720e-01
   5.0280000e+03   5.9693895e-01   6.5608448e-01   1.0000000e+00
   5.0350000e+03   5.5134823e-01   6.1047189e-01   1.0000000e+00
   5.0540000e+03   6.0412389e-01   6.6240186e-01   1.0000000e+00
   5.0890000e+03   1.0000000e+00   9.3338300e-01   6.4845715e-01
   5.1070000e+03   6.4818061e-01   7.0023838e-01   1.0000000e+00
   5.1320000e+03   5.0361632e-01   5.6970377e-01   1.0000000e+00
   5.1530000e+03   6.3578596e-01   6.8724002e-01   1.0000000e+00
   5.1680000e+03   8.1718332e-01   8.4151426e-01   1.0000000e+00
   5.1850000e+03   9.0081843e-01   9.1798354e-01   1.0000000e+00
   5.1900000e+03   5.1093387e-01   5.7647866e-01   1.0000000e+00
   5.1910000e+03   5.2396797e-01   5.8804331e-01   1.0000000e+00
   5.2000000e+03   1.0000000e+00   8.7154152e-01   4.6124297e-01
   5.2010000e+03   1.0000000e+00   8.8424834e-01   5.0382450e-01
   5.2100000e+03   5.4545380e-01   6.0517375e-01   1.0000000e+00
   5.2160000e+03   6.3252911e-01   6.8017308e-01   1.0000000e+00
   5.2210000e+03   5.4935829e-01   6.0807690e-01   1.0000000e+00
   5.2310000e+03   5.0364281e-01   5.7097309e-01   1.0000000e+00
   5.2350000e+03   1.0000000e+00   6.1337550e-01   2.3087014e-02
   5.2480000e+03   5.0395788e-01   5.7096545e-01   1.0000000e+00
   5.2490000e+03   5.1099803e-01   5.7535171e-01   1.0000000e+00
   5.2640000e+03   6.3258866e-01   6.8195636e-01   1.0000000e+00
   5.2670000e+03   5.1273711e-01   5.7885842e-01   1.0000000e+00
   5.2850000e+03   5.1811813e-01   5.8094844e-01   1.0000000e+00
   5.2870000e+03   1.0000000e+00   9.2697248e-01   6.6907084e-01
   5.2880000e+03   1.0000000e+00   9.4939120e-01   7.3123739e-01
   5.3400000e+03   1.0000000e+00   9.1222659e-01   5.9603708e-01
   5.3540000e+03   5.2361251e-01   5.8849605e-01   1.0000000e+00
   5.3670000e+03   5.8272895e-01   6.4112325e-01   1.0000000e+00
   5.3780000e+03   5.2222963e-01   5.8591919e-01   1.0000000e+00
   5.4040000e+03   9.0531846e-01   9.1632854e-01   1.0000000e+00
   5.4250000e+03   5.2928282e-01   5.9179754e-01   1.0000000e+00
   5.4300000e+03   1.0000000e+00   8.8379528e-01   5.0078892e-01
   5.4470000e+03   8.1807065e-01   8.4488531e-01   1.0000000e+00
   5.4590000e+03   1.0000000e+00   9.9516109e-01   9.8444441e-01
   5.4600000e+03   1.0000000e+00   9.5301196e-01   8.0471350e-01
   5.4630000e+03   7.1290210e-01   7.5591050e-01   1.0000000e+00
   5.4690000e+03   5.1889569e-01   5.8283414e-01   1.0000000e+00
   5.4700000e+03   1.0000000e+00   8.9082118e-01   5.2566657e-01
   5.4710000e+03   5.3075560e-01   5.9054285e-01   1.0000000e+00
   5.4870000e+03   8.3635258e-01   8.6294132e-01   1.0000000e+00
   5.5060000e+03   1.0000000e+00   9.4781450e-01   7.4029156e-01
   5.5110000e+03   5.9378533e-01   6.5006074e-01   1.0000000e+00
   5.5310000e+03   6.6265911e-01   7.1405615e-01   1.0000000e+00
   5.5430000e+03   5.3555140e-01   5.9608401e-01   1.0000000e+00
   5.5630000e+03   1.0000000e+00   8.7862356e-01   4.9826920e-01
   5.5710000e+03   5.1285419e-01   5.7711955e-01   1.0000000e+00
   5.5760000e+03   5.1959958e-01   5.8378539e-01   1.0000000e+00
   5.6490000e+03   1.0000000e+00   9.6130739e-01   8.0091935e-01
   5.6710000e+03   5.9547872e-01   6.5288405e-01   1.0000000e+00
   5.6810000e+03   1.0000000e+00   9.5243169e-01   7.7218815e-01
   5.6850000e+03   5.5341378e-01   6.1503279e-01   1.0000000e+00
   5.6950000e+03   5.1724543e-01   5.8013475e-01   1.0000000e+00
   5.7050000e+03   1.0000000e+00   8.6562793e-01   4.5877744e-01
   5.7080000e+03   5.2700358e-01   5.9453584e-01   1.0000000e+00
   5.7140000e+03   1.0000000e+00   8.9572472e-01   5.3511383e-01
   5.7280000e+03   9.6088740e-01   9.6462005e-01   1.0000000e+00
   5.7350000e+03   6.2661057e-01   6.7820367e-01   1.0000000e+00
   5.7440000e+03   1.0000000e+00   9.2240158e-01   6.3746610e-01
   5.7470000e+03   7.3479999e-01   7.7701583e-01   1.0000000e+00
   5.7710000e+03   1.0000000e+00   5.8567698e-01   1.2306123e-02
   5.7760000e+03   5.1417384e-01   5.7873404e-01   1.0000000e+00
   5.7870000e+03   1.0000000e+00   9.4424636e-01   7.3508104e-01
   5.7940000e+03   1.0000000e+00   8.8371061e-01   5.2817593e-01
   5.8120000e+03   5.2881537e-01   5.9065699e-01   1.0000000e+00
   5.8490000e+03   5.8873270e-01   6.4541709e-01   1.0000000e+00
   5.8540000e+03   1.0000000e+00   9.2929154e-01   6.5529565e-01
   5.8680000e+03   9.9773779e-01   1.0000000e+00   9.9783766e-01
   5.8810000e+03   5.8274021e-01   6.4020875e-01   1.0000000e+00
   5.8830000e+03   5.7417474e-01   6.3455211e-01   1.0000000e+00
   5.8850000e+03   5.7929681e-01   6.3746135e-01   1.0000000e+00
   5.8920000e+03   6.6748917e-01   7.1968304e-01   1.0000000e+00
   5.8970000e+03   7.5823897e-01   7.9534125e-01   1.0000000e+00
   5.9040000e+03   5.6366671e-01   6.2367572e-01   1.0000000e+00
   5.9280000e+03   5.1704220e-01   5.8144662e-01   1.0000000e+00
   5.9440000e+03   5.2753906e-01   5.8972185e-01   1.0000000e+00
   5.9480000e+03   5.0939862e-01   5.7522217e-01   1.0000000e+00
   5.9530000e+03   5.6129771e-01   6.2263049e-01   1.0000000e+00
   5.9680000e+03   9.4055911e-01   1.0000000e+00   4.0761708e-02
   5.9840000e+03   5.7609864e-01   6.3620094e-01   1.0000000e+00
   5.9860000e+03   9.3287337e-01   9.4133686e-01   1.0000000e+00
   5.9930000e+03   5.9729829e-01   6.5397076e-01   1.0000000e+00
   5.9970000e+03   1.0000000e+00   9.7031061e-01   8.6068964e-01
   6.0300000e+03   1.0000000e+00   9.4451688e-01   6.9412307e-01
   6.0560000e+03   1.0000000e+00   8.5981902e-01   4.4517692e-01
   6.0750000e+03   1.0000000e+00   9.5180029e-01   7.5102085e-01
   6.0950000e+03   7.5382113e-01   7.9225185e-01   1.0000000e+00
   6.1020000e+03   1.0000000e+00   9.6301992e-01   8.0863365e-01
   6.1290000e+03   6.6971337e-01   7.1703742e-01   1.0000000e+00
   6.1320000e+03   1.0000000e+00   9.6401809e-01   8.0601258e-01
   6.1480000e+03   1.0000000e+00   9.6229744e-01   7.8869153e-01
   6.1520000e+03   1.0000000e+00   9.0582298e-01   5.8820941e-01
   6.1650000e+03   5.0327293e-01   5.6930579e-01   1.0000000e+00
   6.1660000e+03   1.0000000e+00   8.4846792e-01   3.4226275e-02
   6.1750000e+03   6.2973860e-01   6.8499859e-01   1.0000000e+00
   6.2120000e+03   1.0000000e+00   9.9702867e-01   9.9066645e-01
   6.2170000e+03   1.0000000e+00   8.8983960e-01   4.9955229e-01
   6.2200000e+03   1.0000000e+00   9.6063425e-01   7.9835360e-01
   6.2230000e+03   1.0000000e+00   9.1732380e-01   6.0283218e-01
   6.2290000e+03   1.0000000e+00   8.6481245e-01   4.5204847e-01
   6.2410000e+03   1.0000000e+00   9.2624275e-01   6.4733637e-01
   6.2520000e+03   5.2059898e-01   5.8308945e-01   1.0000000e+00
   6.2710000e+03   1.0000000e+00   8.8535797e-01   5.3297921e-01
   6.2850000e+03   1.0000000e+00   8.6112140e-01   4.2522954e-01
   6.2950000e+03   1.0000000e+00   6.8986069e-01   2.5980058e-02
   6.3530000e+03   7.0326401e-01   7.4188079e-01   1.0000000e+00
   6.3780000e+03   6.1471738e-01   6.7196683e-01   1.0000000e+00
   6.3800000e+03   8.4577810e-01   8.6610269e-01   1.0000000e+00
   6.3960000e+03   5.4756382e-01   6.0907652e-01   1.0000000e+00
   6.4180000e+03   1.0000000e+00   8.8954751e-01   5.0900741e-01
   6.4360000e+03   6.1441781e-01   6.7080741e-01   1.0000000e+00
   6.4460000e+03   6.3712684e-01   6.9186409e-01   1.0000000e+00
   6.4530000e+03   5.1409659e-01   5.7837059e-01   1.0000000e+00
   6.4610000e+03   1.0000000e+00   8.9076628e-01   4.8622293e-01
   6.4620000e+03   5.4874155e-01   6.1052228e-01   1.0000000e+00
   6.4840000e+03   5.9022756e-01   6.4540918e-01   1.0000000e+00
   6.5000000e+03   5.5283277e-01   6.1151435e-01   1.0000000e+00
   6.5080000e+03   5.0648854e-01   5.7310371e-01   1.0000000e+00
   6.5270000e+03   5.0853354e-01   5.7322969e-01   1.0000000e+00
   6.5360000e+03   1.0000000e+00   9.5444574e-01   7.5818206e-01
   6.5370000e+03   5.8895819e-01   6.4583026e-01   1.0000000e+00
   6.5530000e+03   8.3225790e-01   8.5443691e-01   1.0000000e+00
   6.5560000e+03   6.6879514e-01   7.1820236e-01   1.0000000e+00
   6.5610000e+03   7.3706039e-01   7.7815386e-01   1.0000000e+00
   6.5660000e+03   1.0000000e+00   9.3930602e-01   7.2703378e-01
   6.5800000e+03   5.1378364e-01   5.7817545e-01   1.0000000e+00
   6.5820000e+03   1.0000000e+00   9.2639025e-01   6.4174677e-01
   6.5880000e+03   5.3976607e-01   6.0168607e-01   1.0000000e+00
   6.5960000e+03   8.3900016e-01   8.6201215e-01   1.0000000e+00
   6.6030000e+03   1.0000000e+00   9.2378422e-01   6.4926069e-01
   6.6150000e+03   9.3739835e-01   9.4838608e-01   1.0000000e+00
   6.6230000e+03   1.0000000e+00   9.7913578e-01   9.0971620e-01
   6.6290000e+03   6.0908207e-01   6.6549849e-01   1.0000000e+00
   6.6300000e+03   1.0000000e+00   9.2362914e-01   6.3568149e-01
   6.6840000e+03   6.6730586e-01   7.1371508e-01   1.0000000e+00
   6.6980000e+03   1.0000000e+00   9.4784605e-01   7.4455924e-01
   6.7050000e+03   1.0000000e+00   8.6956875e-01   4.6417306e-01
   6.7430000e+03   5.7343031e-01   6.3271681e-01   1.0000000e+00
   6.7460000e+03   1.0000000e+00   9.4969323e-01   7.3298316e-01
   6.7890000e+03   6.0546041e-01   6.5943857e-01   1.0000000e+00
   6.8320000e+03   1.0000000e+00   8.7109561e-01   4.4457376e-01
   6.8500000e+03   8.5261132e-01   8.7275841e-01   1.0000000e+00
   6.8590000e+03   1.0000000e+00   8.9879388e-01   5.3702163e-01
   6.8650000e+03   1.0000000e+00   9.3944738e-01   7.3021177e-01
   6.8690000e+03   1.0000000e+00   9.5062457e-01   7.6681295e-01
   6.8790000e+03   5.8925709e-01   6.4565077e-01   1.0000000e+00
   6.8970000e+03   5.2190911e-01   5.8467803e-01   1.0000000e+00
   6.9130000e+03   1.0000000e+00   9.4065906e-01   7.1368629e-01
   6.9410000e+03   6.7386000e-01   7.1722169e-01   1.0000000e+00
   6.9450000e+03   1.0000000e+00   9.2175259e-01   6.3843810e-01
   6.9730000e+03   1.0000000e+00   8.9152665e-01   5.5229884e-01
   7.0010000e+03   5.8575415e-01   6.4495562e-01   1.0000000e+00
   7.0130000e+03   7.3190623e-01   7.6902424e-01   1.0000000e+00
   7.0390000e+03   5.5537957e-01   6.1551105e-01   1.0000000e+00
   7.0690000e+03   6.6395487e-01   7.1851044e-01   1.0000000e+00
   7.1210000e+03   5.1524969e-01   5.7960513e-01   1.0000000e+00
   7.1500000e+03   1.0000000e+00   9.2559932e-01   6.2347728e-01
   7.1800000e+03   1.0000000e+00   9.3032134e-01   6.5577364e-01
   7.1940000e+03   6.2512629e-01   6.8058307e-01   1.0000000e+00
   7.2170000e+03   1.0000000e+00   9.4433549e-01   7.3853967e-01
   7.2340000e+03   1.0000000e+00   9.1484779e-01   6.3330262e-01
   7.2360000e+03   5.5162212e-01   6.1273766e-01   1.0000000e+00
   7.2640000e+03   8.0647854e-01   8.3190361e-01   1.0000000e+00
   7.3040000e+03   1.0000000e+00   9.5207237e-01   7.7285544e-01
   7.3100000e+03   1.0000000e+00   9.5256573e-01   7.4239830e-01
   7.3370000e+03   5.4729436e-01   6.0617346e-01   1.0000000e+00
   7.3400000e+03   7.1297499e-01   7.5531784e-01   1.0000000e+00
   7.3480000e+03   5.4153895e-01   6.0171613e-01   1.0000000e+00
   7.3710000e+03   6.1165416e-01   6.6700360e-01   1.0000000e+00
   7.4050000e+03   1.0000000e+00   8.6618494e-01   4.5487299e-01
   7.4060000e+03   1.0000000e+00   9.5302240e-01   7.3607199e-01
   7.4460000e+03   6.2692693e-01   6.7879463e-01   1.0000000e+00
   7.4620000e+03   1.0000000e+00   9.6872237e-01   8.7294016e-01
   7.4690000e+03   8.2383302e-01   8.4890555e-01   1.0000000e+00
   7.4780000e+03   1.0000000e+00   9.4796128e-01   7.4044195e-01
   7.4790000e+03   1.0000000e+00   9.7579435e-01   8.8268950e-01
   7.5250000e+03   1.0000000e+00   8.7941075e-01   4.6235509e-01
   7.5280000e+03   5.9558708e-01   6.5328531e-01   1.0000000e+00
   7.5460000e+03   6.3845804e-01   6.8988411e-01   1.0000000e+00
   7.5570000e+03   7.0475556e-01   7.5009972e-01   1.0000000e+00
   7.5600000e+03   9.3984290e-01   9.4702765e-01   1.0000000e+00
   7.5650000e+03   5.3699848e-01   5.9761459e-01   1.0000000e+00
   7.5690000e+03   1.0000000e+00   9.8237629e-01   9.6243487e-01
   7.5820000e+03   1.0000000e+00   9.6293622e-01   8.0463017e-01
   7.5900000e+03   5.7821683e-01   6.3499085e-01   1.0000000e+00
   7.5950000e+03   1.0000000e+00   9.3989682e-01   6.9947377e-01
   7.6020000e+03   1.0000000e+00   9.6896273e-01   8.4103032e-01
   7.6350000e+03   1.0000000e+00   8.6549911e-01   4.4856974e-01
   7.6650000e+03   1.0000000e+00   9.7519112e-01   9.0559072e-01
   7.6720000e+03   9.8082114e-01   9.7631260e-01   1.0000000e+00
   7.6790000e+03   1.0000000e+00   9.3448717e-01   7.0513274e-01
   7.7100000e+03   5.5218885e-01   6.1293382e-01   1.0000000e+00
   7.7470000e+03   1.0000000e+00   9.3437751e-01   6.8340301e-01
   7.7540000e+03   1.0000000e+00   9.5496784e-01   7.7296983e-01
   7.7590000e+03   1.0000000e+00   8.4992098e-01   4.0679267e-01
   7.7730000e+03   5.7863714e-01   6.3689426e-01   1.0000000e+00
   7.7760000e+03   1.0000000e+00   9.6423338e-01   8.5477782e-01
   7.7900000e+03   5.1569049e-01   5.7818830e-01   1.0000000e+00
   7.7960000e+03   1.0000000e+00   9.9730853e-01   9.8328651e-01
   7.8220000e+03   8.2231904e-01   8.5067808e-01   1.0000000e+00
   7.8520000e+03   5.5028859e-01   6.1102693e-01   1.0000000e+00
   7.8660000e+03   1.0000000e+00   8.4816418e-01   4.0262665e-01
   7.8690000e+03   1.0000000e+00   9.4843101e-01   7.3784631e-01
   7.8820000e+03   8.5215552e-01   8.7144481e-01   1.0000000e+00
   7.9060000e+03   5.7360809e-01   6.3106028e-01   1.0000000e+00
   7.9130000e+03   6.7218496e-01   7.2037359e-01   1.0000000e+00
   7.9240000e+03   6.6882725e-01   7.1860250e-01   1.0000000e+00
   7.9420000e+03   1.0000000e+00   9.4570380e-01   7.2629586e-01
   7.9490000e+03   1.0000000e+00   9.4526478e-01   7.2058257e-01
   7.9500000e+03   5.9142781e-01   6.4725188e-01   1.0000000e+00
   7.9560000e+03   1.0000000e+00   8.9679896e-01   5.6006093e-01
   7.9570000e+03   1.0000000e+00   9.5656364e-01   7.8224413e-01
   7.9770000e+03   8.6958899e-01   8.8528661e-01   1.0000000e+00
   7.9840000e+03   6.8862936e-01   7.3542630e-01   1.0000000e+00
   7.9860000e+03   1.0000000e+00   9.1749711e-01   5.9765258e-01
   8.0010000e+03   5.4267939e-01   6.0344796e-01   1.0000000e+00
   8.0030000e+03   1.0000000e+00   9.4118656e-01   7.0228296e-01
   8.0050000e+03   1.0000000e+00   8.5993063e-01   4.6259651e-01
   8.0280000e+03   6.0507521e-01   6.6003979e-01   1.0000000e+00
   8.0350000e+03   1.0000000e+00   9.5220545e-01   7.6542186e-01
   8.0490000e+03   1.0000000e+00   8.8542675e-01   5.2482850e-01
   8.0790000e+03   1.0000000e+00   8.5862542e-01   4.1916149e-01
   8.0890000e+03   1.0000000e+00   8.6824021e-01   4.5109914e-01
   8.1150000e+03   1.0000000e+00   9.5844717e-01   7.5293198e-01
   8.1230000e+03   9.1493730e-01   9.2263398e-01   1.0000000e+00
   8.1620000e+03   7.0546229e-01   7.5072066e-01   1.0000000e+00
   8.1990000e+03   1.0000000e+00   8.8144502e-01   5.2299660e-01
   8.2040000e+03   1.0000000e+00   9.5273326e-01   7.4880585e-01
   8.2320000e+03   1.0000000e+00   9.7244188e-01   8.5420962e-01
   8.2540000e+03   1.0000000e+00   9.4380468e-01   7.3665506e-01
   8.2640000e+03   6.8137353e-01   7.2905804e-01   1.0000000e+00
   8.2780000e+03   7.5860940e-01   7.9489095e-01   1.0000000e+00
   8.3050000e+03   5.7128845e-01   6.2935131e-01   1.0000000e+00
   8.3390000e+03   1.0000000e+00   8.6150062e-01   4.5851148e-01
   8.3510000e+03   8.1884706e-01   8.4431761e-01   1.0000000e+00
   8.3530000e+03   5.4960075e-01   6.0925610e-01   1.0000000e+00
   8.3900000e+03   1.0000000e+00   9.1580764e-01   6.1683035e-01
   8.4140000e+03   1.0000000e+00   9.5459243e-01   7.6181158e-01
   8.4180000e+03   5.6248758e-01   6.2134792e-01   1.0000000e+00
   8.4250000e+03   5.3953789e-01   6.0019786e-01   1.0000000e+00
   8.4310000e+03   6.1513803e-01   6.6930240e-01   1.0000000e+00
   8.4650000e+03   1.0000000e+00   8.7308538e-01   4.4503423e-01
   8.4690000e+03   7.6163421e-01   7.9634006e-01   1.0000000e+00
   8.4790000e+03   1.0000000e+00   9.2138149e-01   6.3778717e-01
   8.4940000e+03   7.4528171e-01   7.8082919e-01   1.0000000e+00
   8.5020000e+03   1.0000000e+00   8.8698409e-01   5.0251759e-01
   8.5180000e+03   5.7149907e-01   6.3066920e-01   1.0000000e+00
   8.5560000e+03   1.0000000e+00   9.4412707e-01   7.2905742e-01
   8.5580000e+03   8.3841013e-01   8.6043657e-01   1.0000000e+00
   8.6210000e+03   1.0000000e+00   8.6400193e-01   4.1936841e-01
   8.6280000e+03   5.5340433e-01   6.1189227e-01   1.0000000e+00
   8.6410000e+03   5.9023401e-01   6.4706943e-01   1.0000000e+00
   8.6500000e+03   1.0000000e+00   9.7116768e-01   8.2552587e-01
   8.6630000e+03   5.3864921e-01   5.9938937e-01   1.0000000e+00
   8.6650000e+03   9.2293521e-01   9.3276809e-01   1.0000000e+00
   8.6750000e+03   6.3034196e-01   6.8445598e-01   1.0000000e+00
   8.6840000e+03   1.0000000e+00   9.6009308e-01   7.8274512e-01
   8.6950000e+03   5.8394596e-01   6.3840254e-01   1.0000000e+00
   8.7090000e+03   6.2113877e-01   6.7587315e-01   1.0000000e+00
   8.7170000e+03   6.0361361e-01   6.6083040e-01   1.0000000e+00
   8.7200000e+03   1.0000000e+00   9.4973801e-01   7.5282267e-01
   8.7280000e+03   6.2638456e-01   6.8113319e-01   1.0000000e+00
   8.7290000e+03   1.0000000e+00   9.6181917e-01   8.9880992e-01
   8.7670000e+03   7.6902396e-01   8.0140111e-01   1.0000000e+00
   8.7810000e+03   5.7738750e-01   6.3628988e-01   1.0000000e+00
   8.8120000e+03   1.0000000e+00   9.1526157e-01   6.1864673e-01
   8.8200000e+03   1.0000000e+00   9.4611315e-01   7.3950494e-01
   8.8480000e+03   8.3502252e-01   8.5586035e-01   1.0000000e+00
   8.8520000e+03   1.0000000e+00   9.6029837e-01   7.9493430e-01
   8.8630000e+03   1.0000000e+00   9.3142538e-01   6.6633230e-01
   8.8920000e+03   1.0000000e+00   9.2628640e-01   6.7439534e-01
   8.9740000e+03   1.0000000e+00   9.4081299e-01   7.1824644e-01
   8.9760000e+03   5.6224163e-01   6.2119324e-01   1.0000000e+00
   9.0080000e+03   1.0000000e+00   9.3529649e-01   6.8057310e-01
   9.0840000e+03   1.0000000e+00   2.3534331e-01   0.0000000e+00
